Group ID; User ID; Iteration; X Filtered Pixel; Y Filtered Pixel; X Filtered Normalized; Y Filtered Normalized; X Raw Normalized; Y Raw Normalized; Distance to Camera in mm; Eye Aspect Ratio (Height/Width); Blinking; Timestamp With Milliseconds; Unix Timestamp In Milliseconds; AOI List; Additional Notes
62F978C699A3CF008AE65650;GroupA;6;969;533;0.5049294;0.4935746;0.5049294;0.4935746;803.3;0.1977918;False;09/03/2023 20:38:05:827;1693798685827;Box Collider1728 hit: (Untagged/SpawnPoint (Path 1)) | Box Collider2030 hit: (Untagged/SpawnPoint (Path 1));
62F978C699A3CF008AE65650;GroupA;6;968;533;0.5046566;0.4938022;0.4941446;0.5066254;803.3;0.2084523;False;09/03/2023 20:38:05:866;1693798685866;Box Collider1728 hit: (Untagged/SpawnPoint (Path 1)) | Box Collider2030 hit: (Untagged/SpawnPoint (Path 1));
62F978C699A3CF008AE65650;GroupA;6;969;533;0.5047026;0.4938089;0.5085799;0.4975578;803.3;0.2017542;False;09/03/2023 20:38:05:898;1693798685898;Box Collider1728 hit: (Untagged/SpawnPoint (Path 1)) | Box Collider2030 hit: (Untagged/SpawnPoint (Path 1));
62F978C699A3CF008AE65650;GroupA;6;969;533;0.5047327;0.4938124;0.5082033;0.4971853;803.3;0.1998148;False;09/03/2023 20:38:05:928;1693798685928;Box Collider1728 hit: (Untagged/SpawnPoint (Path 1)) | Box Collider2030 hit: (Untagged/SpawnPoint (Path 1));
62F978C699A3CF008AE65650;GroupA;6;969;533;0.5048314;0.4938535;0.5112002;0.500905;802.5;0.1878466;False;09/03/2023 20:38:05:965;1693798685965;Box Collider1728 hit: (Untagged/SpawnPoint (Path 1)) | Box Collider2030 hit: (Untagged/SpawnPoint (Path 1));
62F978C699A3CF008AE65650;GroupA;6;969;533;0.5048999;0.4938824;0.511208;0.5009115;801.8;0.187532;False;09/03/2023 20:38:05:996;1693798685996;Box Collider1728 hit: (Untagged/SpawnPoint (Path 1)) | Box Collider2030 hit: (Untagged/SpawnPoint (Path 1));
62F978C699A3CF008AE65650;GroupA;6;969;533;0.5049219;0.4938943;0.5091475;0.4996164;801.1;0.1872097;False;09/03/2023 20:38:06:27;1693798686027;Box Collider1728 hit: (Untagged/SpawnPoint (Path 1)) | Box Collider2030 hit: (Untagged/SpawnPoint (Path 1));
62F978C699A3CF008AE65650;GroupA;6;969;533;0.5049259;0.4938962;0.5077179;0.4984271;800.5;0.1872359;False;09/03/2023 20:38:06:56;1693798686056;Box Collider1728 hit: (Untagged/SpawnPoint (Path 1)) | Box Collider2030 hit: (Untagged/SpawnPoint (Path 1));
62F978C699A3CF008AE65650;GroupA;6;969;533;0.504944;0.4939065;0.5091575;0.4996248;800.0;0.1868073;False;09/03/2023 20:38:06:88;1693798686088;Box Collider1728 hit: (Untagged/SpawnPoint (Path 1)) | Box Collider2030 hit: (Untagged/SpawnPoint (Path 1));
62F978C699A3CF008AE65650;GroupA;6;969;533;0.5049461;0.4939077;0.507715;0.4984246;799.6;0.1873529;False;09/03/2023 20:38:06:123;1693798686123;Box Collider1728 hit: (Untagged/SpawnPoint (Path 1)) | Box Collider2030 hit: (Untagged/SpawnPoint (Path 1));
62F978C699A3CF008AE65650;GroupA;6;968;533;0.50466;0.4939225;0.4949238;0.500115;805.8;0.1869072;False;09/03/2023 20:38:06:161;1693798686161;Box Collider1728 hit: (Untagged/SpawnPoint (Path 1)) | Box Collider2030 hit: (Untagged/SpawnPoint (Path 1));
62F978C699A3CF008AE65650;GroupA;6;968;533;0.5046592;0.4939273;0.5042573;0.4950691;811.5;0.1853366;False;09/03/2023 20:38:06:191;1693798686191;Box Collider1728 hit: (Untagged/SpawnPoint (Path 1)) | Box Collider2030 hit: (Untagged/SpawnPoint (Path 1));
62F978C699A3CF008AE65650;GroupA;6;969;533;0.5047492;0.4939505;0.5115204;0.5009556;816.6;0.1845507;False;09/03/2023 20:38:06:223;1693798686223;EyeTrackingList hit: (Car/Checking Box) | Box_Collider1700 hit: (Car/Checking Box) | Box_Collider1708 hit: (Car/Checking Box) | Box_Collider1718 hit: (Car/Checking Box) | Box_Collider1722 hit: (Car/Checking Box) | Box_Collider1726 hit: (Car/Checking Box) | Box_Collider1748 hit: (Car/Checking Box) | Box_Collider1766 hit: (Car/Checking Box) | Box_Collider1779 hit: (Car/Checking Box) | Box_Collider1795 hit: (Car/Checking Box) | Box_Collider1799 hit: (Car/Checking Box) | Box_Collider1808 hit: (Car/Checking Box) | Box_Collider1813 hit: (Car/Checking Box) | Box_Collider1818 hit: (Car/Checking Box) | Box_Collider1825 hit: (Car/Checking Box) | Box_Collider1836 hit: (Car/Checking Box) | Box_Collider1851 hit: (Car/Checking Box) | Box_Collider1853 hit: (Car/Checking Box) | Box_Collider1858 hit: (Car/Checking Box) | Box_Collider1873 hit: (Car/Checking Box) | Box_Collider1881 hit: (Car/Checking Box) | Box_Collider1922 hit: (Car/Checking Box) | Box_Collider1923 hit: (Car/Checking Box) | Box_Collider1929 hit: (Car/Checking Box) | Box_Collider1943 hit: (Car/Checking Box) | Box_Collider1953 hit: (Car/Checking Box) | Box_Collider1957 hit: (Car/Checking Box) | Box Collider1966 hit: (Car/Checking Box) | Box_Collider1972 hit: (Car/Checking Box) | Box_Collider1973 hit: (Car/Checking Box) | Box_Collider1975 hit: (Car/Checking Box) | Box_Collider1977 hit: (Car/Checking Box) | Box_Collider1978 hit: (Car/Checking Box) | Box_Collider2004 hit: (Car/Checking Box) | Box_Collider2020 hit: (Car/Checking Box) | Box_Collider2022 hit: (Car/Checking Box) | Box_Collider2029 hit: (Car/Checking Box) | Box_Collider2041 hit: (Car/Checking Box) | Box_Collider2046 hit: (Car/Checking Box) | Box_Collider2054 hit: (Car/Checking Box) | Box_Collider2060 hit: (Car/Checking Box) | Box_Collider2069 hit: (Car/Checking Box) | Box_Collider2075 hit: (Car/Checking Box);
62F978C699A3CF008AE65650;GroupA;6;969;533;0.5047475;0.493955;0.5042521;0.4950733;821.1;0.1854715;False;09/03/2023 20:38:06:253;1693798686253;EyeTrackingList hit: (Car/Checking Box) | Box_Collider1700 hit: (Car/Checking Box) | Box_Collider1708 hit: (Car/Checking Box) | Box_Collider1718 hit: (Car/Checking Box) | Box_Collider1722 hit: (Car/Checking Box) | Box_Collider1726 hit: (Car/Checking Box) | Box_Collider1748 hit: (Car/Checking Box) | Box_Collider1766 hit: (Car/Checking Box) | Box_Collider1779 hit: (Car/Checking Box) | Box_Collider1795 hit: (Car/Checking Box) | Box_Collider1799 hit: (Car/Checking Box) | Box_Collider1808 hit: (Car/Checking Box) | Box_Collider1813 hit: (Car/Checking Box) | Box_Collider1818 hit: (Car/Checking Box) | Box_Collider1825 hit: (Car/Checking Box) | Box_Collider1836 hit: (Car/Checking Box) | Box_Collider1851 hit: (Car/Checking Box) | Box_Collider1853 hit: (Car/Checking Box) | Box_Collider1858 hit: (Car/Checking Box) | Box_Collider1873 hit: (Car/Checking Box) | Box_Collider1881 hit: (Car/Checking Box) | Box_Collider1922 hit: (Car/Checking Box) | Box_Collider1923 hit: (Car/Checking Box) | Box_Collider1929 hit: (Car/Checking Box) | Box_Collider1943 hit: (Car/Checking Box) | Box_Collider1953 hit: (Car/Checking Box) | Box_Collider1957 hit: (Car/Checking Box) | Box Collider1966 hit: (Car/Checking Box) | Box_Collider1972 hit: (Car/Checking Box) | Box_Collider1973 hit: (Car/Checking Box) | Box_Collider1975 hit: (Car/Checking Box) | Box_Collider1977 hit: (Car/Checking Box) | Box_Collider1978 hit: (Car/Checking Box) | Box_Collider2004 hit: (Car/Checking Box) | Box_Collider2020 hit: (Car/Checking Box) | Box_Collider2022 hit: (Car/Checking Box) | Box_Collider2029 hit: (Car/Checking Box) | Box_Collider2041 hit: (Car/Checking Box) | Box_Collider2046 hit: (Car/Checking Box) | Box_Collider2054 hit: (Car/Checking Box) | Box_Collider2060 hit: (Car/Checking Box) | Box_Collider2069 hit: (Car/Checking Box) | Box_Collider2075 hit: (Car/Checking Box);
62F978C699A3CF008AE65650;GroupA;6;969;533;0.5048276;0.4939795;0.5115198;0.5009552;825.2;0.184573;False;09/03/2023 20:38:06:285;1693798686285;EyeTrackingList hit: (Car/Checking Box) | Box_Collider1700 hit: (Car/Checking Box) | Box_Collider1708 hit: (Car/Checking Box) | Box_Collider1718 hit: (Car/Checking Box) | Box_Collider1722 hit: (Car/Checking Box) | Box_Collider1726 hit: (Car/Checking Box) | Box_Collider1748 hit: (Car/Checking Box) | Box_Collider1766 hit: (Car/Checking Box) | Box_Collider1779 hit: (Car/Checking Box) | Box_Collider1795 hit: (Car/Checking Box) | Box_Collider1799 hit: (Car/Checking Box) | Box_Collider1808 hit: (Car/Checking Box) | Box_Collider1813 hit: (Car/Checking Box) | Box_Collider1818 hit: (Car/Checking Box) | Box_Collider1825 hit: (Car/Checking Box) | Box_Collider1836 hit: (Car/Checking Box) | Box_Collider1851 hit: (Car/Checking Box) | Box_Collider1853 hit: (Car/Checking Box) | Box_Collider1858 hit: (Car/Checking Box) | Box_Collider1873 hit: (Car/Checking Box) | Box_Collider1881 hit: (Car/Checking Box) | Box_Collider1922 hit: (Car/Checking Box) | Box_Collider1923 hit: (Car/Checking Box) | Box_Collider1929 hit: (Car/Checking Box) | Box_Collider1943 hit: (Car/Checking Box) | Box_Collider1953 hit: (Car/Checking Box) | Box_Collider1957 hit: (Car/Checking Box) | Box Collider1966 hit: (Car/Checking Box) | Box_Collider1972 hit: (Car/Checking Box) | Box_Collider1973 hit: (Car/Checking Box) | Box_Collider1975 hit: (Car/Checking Box) | Box_Collider1977 hit: (Car/Checking Box) | Box_Collider1978 hit: (Car/Checking Box) | Box_Collider2004 hit: (Car/Checking Box) | Box_Collider2020 hit: (Car/Checking Box) | Box_Collider2022 hit: (Car/Checking Box) | Box_Collider2029 hit: (Car/Checking Box) | Box_Collider2041 hit: (Car/Checking Box) | Box_Collider2046 hit: (Car/Checking Box) | Box_Collider2054 hit: (Car/Checking Box) | Box_Collider2060 hit: (Car/Checking Box) | Box_Collider2069 hit: (Car/Checking Box) | Box_Collider2075 hit: (Car/Checking Box);
62F978C699A3CF008AE65650;GroupA;6;969;533;0.5048351;0.4939844;0.5078735;0.4974999;828.9;0.1852367;False;09/03/2023 20:38:06:316;1693798686316;EyeTrackingList hit: (Car/Checking Box) | Box_Collider1700 hit: (Car/Checking Box) | Box_Collider1708 hit: (Car/Checking Box) | Box_Collider1718 hit: (Car/Checking Box) | Box_Collider1722 hit: (Car/Checking Box) | Box_Collider1726 hit: (Car/Checking Box) | Box_Collider1748 hit: (Car/Checking Box) | Box_Collider1766 hit: (Car/Checking Box) | Box_Collider1779 hit: (Car/Checking Box) | Box_Collider1795 hit: (Car/Checking Box) | Box_Collider1799 hit: (Car/Checking Box) | Box_Collider1808 hit: (Car/Checking Box) | Box_Collider1813 hit: (Car/Checking Box) | Box_Collider1818 hit: (Car/Checking Box) | Box_Collider1825 hit: (Car/Checking Box) | Box_Collider1836 hit: (Car/Checking Box) | Box_Collider1851 hit: (Car/Checking Box) | Box_Collider1853 hit: (Car/Checking Box) | Box_Collider1858 hit: (Car/Checking Box) | Box_Collider1873 hit: (Car/Checking Box) | Box_Collider1881 hit: (Car/Checking Box) | Box_Collider1922 hit: (Car/Checking Box) | Box_Collider1923 hit: (Car/Checking Box) | Box_Collider1929 hit: (Car/Checking Box) | Box_Collider1943 hit: (Car/Checking Box) | Box_Collider1953 hit: (Car/Checking Box) | Box_Collider1957 hit: (Car/Checking Box) | Box Collider1966 hit: (Car/Checking Box) | Box_Collider1972 hit: (Car/Checking Box) | Box_Collider1973 hit: (Car/Checking Box) | Box_Collider1975 hit: (Car/Checking Box) | Box_Collider1977 hit: (Car/Checking Box) | Box_Collider1978 hit: (Car/Checking Box) | Box_Collider2004 hit: (Car/Checking Box) | Box_Collider2020 hit: (Car/Checking Box) | Box_Collider2022 hit: (Car/Checking Box) | Box_Collider2029 hit: (Car/Checking Box) | Box_Collider2041 hit: (Car/Checking Box) | Box_Collider2046 hit: (Car/Checking Box) | Box_Collider2054 hit: (Car/Checking Box) | Box_Collider2060 hit: (Car/Checking Box) | Box_Collider2069 hit: (Car/Checking Box) | Box_Collider2075 hit: (Car/Checking Box);
62F978C699A3CF008AE65650;GroupA;6;969;533;0.504922;0.4940161;0.5121834;0.5015566;828.2;0.2034508;False;09/03/2023 20:38:06:353;1693798686353;;
62F978C699A3CF008AE65650;GroupA;6;969;533;0.5050063;0.4940462;0.5130196;0.5020939;827.5;0.2026081;False;09/03/2023 20:38:06:385;1693798686385;;
62F978C699A3CF008AE65650;GroupA;6;969;533;0.505072;0.49407;0.5130192;0.5020935;826.9;0.2026248;False;09/03/2023 20:38:06:414;1693798686414;;
62F978C699A3CF008AE65650;GroupA;6;969;533;0.5050762;0.4940789;0.5097538;0.4983273;826.4;0.2021279;False;09/03/2023 20:38:06:449;1693798686449;;
62F978C699A3CF008AE65650;GroupA;6;969;533;0.505092;0.4940848;0.5107309;0.5002649;825.9;0.2031364;False;09/03/2023 20:38:06:482;1693798686482;;
62F978C699A3CF008AE65650;GroupA;6;969;533;0.5051427;0.4941062;0.5130166;0.5020914;825.4;0.2027208;False;09/03/2023 20:38:06:512;1693798686512;;
62F978C699A3CF008AE65650;GroupA;6;969;533;0.5051482;0.494116;0.5097507;0.4983248;825.0;0.2022472;False;09/03/2023 20:38:06:545;1693798686545;;
62F978C699A3CF008AE65650;GroupA;6;969;533;0.5051998;0.4941505;0.5129922;0.5027816;820.5;0.1881746;False;09/03/2023 20:38:06:582;1693798686582;;
62F978C699A3CF008AE65650;GroupA;6;970;533;0.5052904;0.4942007;0.5151208;0.5044696;816.4;0.187371;False;09/03/2023 20:38:06:613;1693798686613;;
62F978C699A3CF008AE65650;GroupA;6;970;533;0.5053707;0.4942456;0.5151214;0.5044702;812.7;0.1873464;False;09/03/2023 20:38:06:648;1693798686648;;
62F978C699A3CF008AE65650;GroupA;6;970;533;0.5053872;0.494259;0.5129975;0.502786;809.4;0.1879683;False;09/03/2023 20:38:06:682;1693798686682;;
62F978C699A3CF008AE65650;GroupA;6;970;533;0.5053999;0.4942693;0.5130044;0.5027918;806.5;0.1877071;False;09/03/2023 20:38:06:713;1693798686713;;
62F978C699A3CF008AE65650;GroupA;6;970;533;0.505429;0.4942899;0.508631;0.4986158;810.4;0.1910183;False;09/03/2023 20:38:06:752;1693798686752;;
62F978C699A3CF008AE65650;GroupA;6;970;533;0.5054485;0.4943041;0.5087579;0.4984273;814.0;0.1906805;False;09/03/2023 20:38:06:783;1693798686783;;
62F978C699A3CF008AE65650;GroupA;6;970;533;0.505461;0.4943092;0.5120826;0.5013838;817.2;0.1901206;False;09/03/2023 20:38:06:812;1693798686812;;
62F978C699A3CF008AE65650;GroupA;6;970;533;0.5054927;0.494321;0.5132388;0.5021026;820.0;0.1897707;False;09/03/2023 20:38:06:843;1693798686843;;
62F978C699A3CF008AE65650;GroupA;6;970;533;0.5054995;0.4943241;0.5120828;0.501384;822.6;0.1901141;False;09/03/2023 20:38:06:872;1693798686872;;
62F978C699A3CF008AE65650;GroupA;6;970;533;0.5055269;0.4943345;0.5132369;0.5021009;825.0;0.1898427;False;09/03/2023 20:38:06:907;1693798686907;;
62F978C699A3CF008AE65650;GroupA;6;970;533;0.5055497;0.4943497;0.5087532;0.4984234;827.1;0.190862;False;09/03/2023 20:38:06:942;1693798686942;;
62F978C699A3CF008AE65650;GroupA;6;970;533;0.5054002;0.494367;0.5000113;0.502255;831.4;0.1703665;False;09/03/2023 20:38:06:981;1693798686981;;
62F978C699A3CF008AE65650;GroupA;6;970;533;0.5052379;0.4943981;0.4978033;0.5039567;835.3;0.169635;False;09/03/2023 20:38:07:11;1693798687011;;
62F978C699A3CF008AE65650;GroupA;6;969;534;0.5050717;0.4944471;0.4971066;0.5053406;838.8;0.1684713;False;09/03/2023 20:38:07:44;1693798687044;;
62F978C699A3CF008AE65650;GroupA;6;969;534;0.5049434;0.4944856;0.4971002;0.5053459;841.9;0.168629;False;09/03/2023 20:38:07:73;1693798687073;;
62F978C699A3CF008AE65650;GroupA;6;969;534;0.5048941;0.4944908;0.4996601;0.5030467;844.8;0.1682574;False;09/03/2023 20:38:07:105;1693798687105;;
62F978C699A3CF008AE65650;GroupA;6;969;534;0.5048002;0.4945224;0.4970984;0.5053475;847.3;0.168672;False;09/03/2023 20:38:07:134;1693798687134;;
62F978C699A3CF008AE65650;GroupA;6;968;534;0.5046618;0.4945398;0.4956784;0.5043894;848.7;0.1821518;False;09/03/2023 20:38:07:170;1693798687170;;
62F978C699A3CF008AE65650;GroupA;6;968;534;0.5045999;0.494563;0.4973443;0.5050505;849.9;0.1815726;False;09/03/2023 20:38:07:204;1693798687204;;
62F978C699A3CF008AE65650;GroupA;6;968;534;0.5045911;0.4945709;0.4996922;0.5029289;851.0;0.1823686;False;09/03/2023 20:38:07:232;1693798687232;;
62F978C699A3CF008AE65650;GroupA;6;968;534;0.5044367;0.494627;0.493612;0.5072232;852.0;0.1809632;False;09/03/2023 20:38:07:265;1693798687265;;
62F978C699A3CF008AE65650;GroupA;6;968;534;0.5043424;0.4946607;0.4945697;0.5065218;852.9;0.1819186;False;09/03/2023 20:38:07:297;1693798687297;;
62F978C699A3CF008AE65650;GroupA;6;968;534;0.504334;0.4946761;0.4990889;0.5033581;853.7;0.18244;False;09/03/2023 20:38:07:334;1693798687334;;
62F978C699A3CF008AE65650;GroupA;6;968;534;0.5043755;0.4946895;0.5066471;0.495917;857.4;0.1688855;False;09/03/2023 20:38:07:370;1693798687370;;
62F978C699A3CF008AE65650;GroupA;6;968;534;0.5043358;0.4947115;0.4974599;0.5045027;860.8;0.167391;False;09/03/2023 20:38:07:404;1693798687404;;
62F978C699A3CF008AE65650;GroupA;6;968;534;0.5043323;0.4947143;0.4993803;0.5031989;863.9;0.1679195;False;09/03/2023 20:38:07:436;1693798687436;;
62F978C699A3CF008AE65650;GroupA;6;968;534;0.5042539;0.494757;0.4955722;0.5059956;866.6;0.1671947;False;09/03/2023 20:38:07:471;1693798687471;;
62F978C699A3CF008AE65650;GroupA;6;968;534;0.5042385;0.4947735;0.5013357;0.5017572;869.1;0.1680599;False;09/03/2023 20:38:07:504;1693798687504;;
62F978C699A3CF008AE65650;GroupA;6;968;534;0.5042337;0.4947761;0.4989108;0.503414;871.3;0.1676417;False;09/03/2023 20:38:07:535;1693798687535;;
62F978C699A3CF008AE65650;GroupA;6;968;534;0.5044097;0.494799;0.5109311;0.5002242;874.6;0.1892551;False;09/03/2023 20:38:07:572;1693798687572;;
62F978C699A3CF008AE65650;GroupA;6;968;534;0.5045106;0.4948178;0.5100822;0.4994429;877.6;0.1890501;False;09/03/2023 20:38:07:604;1693798687604;;
62F978C699A3CF008AE65650;GroupA;6;968;534;0.5046079;0.49483;0.5109337;0.5002264;880.3;0.189134;False;09/03/2023 20:38:07:634;1693798687634;;
62F978C699A3CF008AE65650;GroupA;6;968;534;0.5046281;0.4948443;0.5074425;0.4973963;882.7;0.1876999;False;09/03/2023 20:38:07:668;1693798687668;;
62F978C699A3CF008AE65650;GroupA;6;969;534;0.5047083;0.4948507;0.5109243;0.5002185;884.9;0.1895688;False;09/03/2023 20:38:07:701;1693798687701;;
62F978C699A3CF008AE65650;GroupA;6;969;534;0.5047541;0.4948592;0.5100849;0.4994453;886.9;0.1889225;False;09/03/2023 20:38:07:732;1693798687732;;
62F978C699A3CF008AE65650;GroupA;6;969;534;0.504869;0.4948824;0.5126885;0.5027488;920.6;0.1664456;False;09/03/2023 20:38:07:771;1693798687771;;
62F978C699A3CF008AE65650;GroupA;6;969;534;0.5048943;0.4948868;0.5099943;0.5006045;951.0;0.1655238;False;09/03/2023 20:38:07:804;1693798687804;;
62F978C699A3CF008AE65650;GroupA;6;969;534;0.504916;0.4948897;0.5101495;0.5007148;978.3;0.1657545;False;09/03/2023 20:38:07:834;1693798687834;;
62F978C699A3CF008AE65650;GroupA;6;969;534;0.5049463;0.4948986;0.5108864;0.5019077;1002.9;0.1645364;False;09/03/2023 20:38:07:866;1693798687866;;
62F978C699A3CF008AE65650;GroupA;6;969;534;0.504964;0.4949003;0.5104213;0.5010312;1025.0;0.1652694;False;09/03/2023 20:38:07:896;1693798687896;;
62F978C699A3CF008AE65650;GroupA;6;969;534;0.5049798;0.4949022;0.5103913;0.5010219;1044.9;0.1649417;False;09/03/2023 20:38:07:930;1693798687930;;
62F978C699A3CF008AE65650;GroupA;6;969;534;0.5049828;0.4949124;0.5095046;0.499523;1043.8;0.179362;False;09/03/2023 20:38:07:966;1693798687966;;
62F978C699A3CF008AE65650;GroupA;6;969;534;0.5049866;0.4949196;0.5096344;0.4997256;1042.7;0.1785824;False;09/03/2023 20:38:08:0;1693798688000;;
62F978C699A3CF008AE65650;GroupA;6;969;534;0.5049886;0.4949262;0.5095208;0.4995227;1041.8;0.1788853;False;09/03/2023 20:38:08:32;1693798688032;;
62F978C699A3CF008AE65650;GroupA;6;969;534;0.5049927;0.4949302;0.5090306;0.5008332;1041.0;0.1776247;False;09/03/2023 20:38:08:65;1693798688065;;
62F978C699A3CF008AE65650;GroupA;6;969;534;0.5050005;0.4949344;0.5100515;0.5009645;1040.2;0.1784305;False;09/03/2023 20:38:08:95;1693798688095;;
62F978C699A3CF008AE65650;GroupA;6;969;534;0.5050088;0.4949357;0.5084394;0.5005769;1039.6;0.1778871;False;09/03/2023 20:38:08:130;1693798688130;;
62F978C699A3CF008AE65650;GroupA;6;969;534;0.5050182;0.4949398;0.5080178;0.5001376;1028.0;0.1971168;False;09/03/2023 20:38:08:167;1693798688167;;
62F978C699A3CF008AE65650;GroupA;6;969;534;0.5050243;0.4949265;0.5095369;0.4934586;1017.6;0.1962057;False;09/03/2023 20:38:08:204;1693798688204;;
62F978C699A3CF008AE65650;GroupA;6;969;534;0.5050317;0.4949348;0.5082253;0.5002089;1008.2;0.1974405;False;09/03/2023 20:38:08:241;1693798688241;;
62F978C699A3CF008AE65650;GroupA;6;969;534;0.5050374;0.4949252;0.5095349;0.4934586;999.8;0.1962814;False;09/03/2023 20:38:08:271;1693798688271;;
62F978C699A3CF008AE65650;GroupA;6;969;534;0.5050441;0.4949274;0.5080389;0.4987737;992.2;0.1944728;False;09/03/2023 20:38:08:303;1693798688303;;
62F978C699A3CF008AE65650;GroupA;6;969;534;0.5050539;0.4949304;0.5098323;0.4958879;985.4;0.1957347;False;09/03/2023 20:38:08:334;1693798688334;;
62F978C699A3CF008AE65650;GroupA;6;969;534;0.5050155;0.4949521;0.5025429;0.5007269;973.9;0.1762958;False;09/03/2023 20:38:08:372;1693798688372;;
62F978C699A3CF008AE65650;GroupA;6;969;534;0.50502;0.4949551;0.5063937;0.495766;963.6;0.1768778;False;09/03/2023 20:38:08:409;1693798688409;;
62F978C699A3CF008AE65650;GroupA;6;969;534;0.5049945;0.494974;0.5025546;0.5007169;954.3;0.1759989;False;09/03/2023 20:38:08:442;1693798688442;;
62F978C699A3CF008AE65650;GroupA;6;969;534;0.5049741;0.4949893;0.5025595;0.5007126;946.0;0.1758735;False;09/03/2023 20:38:08:473;1693798688473;;
62F978C699A3CF008AE65650;GroupA;6;969;534;0.5049569;0.4950024;0.5025645;0.5007084;938.5;0.1757482;False;09/03/2023 20:38:08:506;1693798688506;;
62F978C699A3CF008AE65650;GroupA;6;969;534;0.5048843;0.4950446;0.4990167;0.5036111;931.7;0.1755842;False;09/03/2023 20:38:08:535;1693798688535;;
62F978C699A3CF008AE65650;GroupA;6;969;534;0.504986;0.4950638;0.5112837;0.5018808;932.9;0.1830805;False;09/03/2023 20:38:08:573;1693798688573;;
62F978C699A3CF008AE65650;GroupA;6;969;534;0.5050599;0.4950781;0.5112888;0.5018851;934.0;0.1828855;False;09/03/2023 20:38:08:606;1693798688606;;
62F978C699A3CF008AE65650;GroupA;6;969;534;0.5051202;0.4950901;0.5112879;0.5018843;935.0;0.1829233;False;09/03/2023 20:38:08:639;1693798688639;;
62F978C699A3CF008AE65650;GroupA;6;969;534;0.5051671;0.4950997;0.5112937;0.5018892;935.9;0.1827035;False;09/03/2023 20:38:08:670;1693798688670;;
62F978C699A3CF008AE65650;GroupA;6;969;534;0.5051702;0.49511;0.5084354;0.4988945;936.7;0.1816622;False;09/03/2023 20:38:08:705;1693798688705;;
62F978C699A3CF008AE65650;GroupA;6;970;534;0.505226;0.4951355;0.5121564;0.5032589;937.4;0.1831967;False;09/03/2023 20:38:08:736;1693798688736;;
62F978C699A3CF008AE65650;GroupA;6;970;534;0.5052434;0.4951469;0.510174;0.5020665;952.3;0.1895135;False;09/03/2023 20:38:08:775;1693798688775;;
62F978C699A3CF008AE65650;GroupA;6;970;534;0.5052665;0.4951579;0.5109158;0.5023545;965.8;0.1884942;False;09/03/2023 20:38:08:809;1693798688809;;
62F978C699A3CF008AE65650;GroupA;6;970;534;0.5052723;0.4951614;0.5088028;0.5011705;977.8;0.1899719;False;09/03/2023 20:38:08:848;1693798688848;;
62F978C699A3CF008AE65650;GroupA;6;970;534;0.5052935;0.4951716;0.510915;0.5023537;988.7;0.1885313;False;09/03/2023 20:38:08:883;1693798688883;;
62F978C699A3CF008AE65650;GroupA;6;970;534;0.5053098;0.4951796;0.5109156;0.5023543;998.5;0.188503;False;09/03/2023 20:38:08:914;1693798688914;;
62F978C699A3CF008AE65650;GroupA;6;970;534;0.5053185;0.4951832;0.5104966;0.5019535;1007.3;0.1881996;False;09/03/2023 20:38:08:948;1693798688948;;
62F978C699A3CF008AE65650;GroupA;6;970;534;0.5053225;0.4951865;0.5096425;0.5019165;1005.8;0.1791437;False;09/03/2023 20:38:08:988;1693798688988;;
62F978C699A3CF008AE65650;GroupA;6;970;534;0.505325;0.4951887;0.5100133;0.5018656;1004.5;0.1782915;False;09/03/2023 20:38:09:22;1693798689022;;
62F978C699A3CF008AE65650;GroupA;6;970;534;0.5053272;0.4951908;0.5100157;0.5018676;1003.3;0.1782041;False;09/03/2023 20:38:09:55;1693798689055;;
62F978C699A3CF008AE65650;GroupA;6;970;534;0.5053405;0.495195;0.5109258;0.5021302;1002.2;0.1776505;False;09/03/2023 20:38:09:89;1693798689089;;
62F978C699A3CF008AE65650;GroupA;6;970;534;0.5053557;0.495206;0.5106702;0.5023118;1001.3;0.1785291;False;09/03/2023 20:38:09:171;1693798689171;;
62F978C699A3CF008AE65650;GroupA;6;970;534;0.5053772;0.4952168;0.5090005;0.5015134;986.1;0.2176035;False;09/03/2023 20:38:09:256;1693798689256;;
62F978C699A3CF008AE65650;GroupA;6;970;534;0.5054054;0.4952472;0.5113201;0.5037669;972.5;0.2158001;False;09/03/2023 20:38:09:308;1693798689308;;
62F978C699A3CF008AE65650;GroupA;6;970;534;0.5054206;0.4952681;0.5106594;0.501315;960.2;0.2120841;False;09/03/2023 20:38:09:417;1693798689417;;
62F978C699A3CF008AE65650;GroupA;6;968;535;0.5042725;0.4955791;0.4881819;0.5121472;965.4;0.2114057;False;09/03/2023 20:38:09:475;1693798689475;;
62F978C699A3CF008AE65650;GroupA;6;968;535;0.504336;0.4956124;0.5091337;0.5004086;970.2;0.2034758;False;09/03/2023 20:38:09:523;1693798689523;;
62F978C699A3CF008AE65650;GroupA;6;969;535;0.5047166;0.4956306;0.5160961;0.5045915;961.0;0.1562008;False;09/03/2023 20:38:09:579;1693798689579;;
62F978C699A3CF008AE65650;GroupA;6;969;535;0.5048742;0.4956381;0.514631;0.5033895;952.7;0.1552906;False;09/03/2023 20:38:09:620;1693798689620;;
62F978C699A3CF008AE65650;GroupA;6;969;535;0.5049168;0.4956693;0.5114518;0.5008227;945.2;0.1541545;False;09/03/2023 20:38:09:683;1693798689683;;
62F978C699A3CF008AE65650;GroupA;6;969;535;0.5051309;0.49571;0.516203;0.5051904;938.5;0.1573336;False;09/03/2023 20:38:09:739;1693798689739;;
62F978C699A3CF008AE65650;GroupA;6;969;535;0.5051796;0.4957419;0.5075112;0.4976788;938.3;0.1546981;False;09/03/2023 20:38:09:844;1693798689844;;
62F978C699A3CF008AE65650;GroupA;6;969;535;0.5052001;0.4957476;0.5073842;0.5008198;938.2;0.1581775;False;09/03/2023 20:38:09:906;1693798689906;;
62F978C699A3CF008AE65650;GroupA;6;970;535;0.5052145;0.4957604;0.507503;0.4976784;938.0;0.1549308;False;09/03/2023 20:38:09:966;1693798689966;;
62F978C699A3CF008AE65650;GroupA;6;970;535;0.5052624;0.495772;0.5106072;0.5008087;936.5;0.1450009;False;09/03/2023 20:38:10:65;1693798690065;;
62F978C699A3CF008AE65650;GroupA;6;970;535;0.5052694;0.4957883;0.5092871;0.5012474;935.2;0.1460905;False;09/03/2023 20:38:10:174;1693798690174;;
62F978C699A3CF008AE65650;GroupA;6;970;535;0.5052822;0.4957959;0.5089155;0.5004843;932.1;0.1754707;False;09/03/2023 20:38:10:303;1693798690303;;
62F978C699A3CF008AE65650;GroupA;6;970;535;0.505291;0.4958049;0.5083455;0.49935;929.4;0.1726286;False;09/03/2023 20:38:10:356;1693798690356;;
62F978C699A3CF008AE65650;GroupA;6;970;535;0.5053125;0.4958109;0.5099627;0.4999074;921.4;0.1630976;False;09/03/2023 20:38:10:439;1693798690439;;
62F978C699A3CF008AE65650;GroupA;6;970;535;0.5053437;0.4958127;0.5109257;0.5001949;914.3;0.1620625;False;09/03/2023 20:38:10:498;1693798690498;;
62F978C699A3CF008AE65650;GroupA;6;970;535;0.5053458;0.4958185;0.5097166;0.499523;907.9;0.1616609;False;09/03/2023 20:38:10:557;1693798690557;;
62F978C699A3CF008AE65650;GroupA;6;970;535;0.5053624;0.4958265;0.5079957;0.4972372;906.3;0.151357;False;09/03/2023 20:38:10:619;1693798690619;;
62F978C699A3CF008AE65650;GroupA;6;970;535;0.5053759;0.4958381;0.5101289;0.5005589;904.8;0.1506476;False;09/03/2023 20:38:10:669;1693798690669;;
62F978C699A3CF008AE65650;GroupA;6;970;535;0.5054215;0.4958604;0.5114589;0.5013529;903.5;0.1501435;False;09/03/2023 20:38:10:735;1693798690735;;
62F978C699A3CF008AE65650;GroupA;6;970;535;0.505456;0.4958861;0.5114734;0.5019047;908.1;0.1701643;False;09/03/2023 20:38:10:806;1693798690806;;
62F978C699A3CF008AE65650;GroupA;6;970;535;0.5054535;0.495897;0.5053046;0.4986601;912.3;0.1669986;False;09/03/2023 20:38:10:864;1693798690864;;
62F978C699A3CF008AE65650;GroupA;6;970;535;0.5054466;0.4959045;0.5049158;0.4988324;916.0;0.1673918;False;09/03/2023 20:38:10:918;1693798690918;;
62F978C699A3CF008AE65650;GroupA;6;970;535;0.5054949;0.4959274;0.5107095;0.5016952;916.6;0.1824872;False;09/03/2023 20:38:10:979;1693798690979;;
62F978C699A3CF008AE65650;GroupA;6;970;535;0.5057177;0.4959976;0.5159734;0.5048555;917.1;0.1800336;False;09/03/2023 20:38:11:31;1693798691031;;
62F978C699A3CF008AE65650;GroupA;6;971;535;0.5058028;0.4960229;0.513861;0.5032505;917.5;0.1812745;False;09/03/2023 20:38:11:86;1693798691086;Box Collider1728 hit: (Untagged/prefab_statue) | Box Collider2030 hit: (Untagged/prefab_statue);
62F978C699A3CF008AE65650;GroupA;6;971;535;0.5059544;0.4960732;0.5159727;0.5048549;917.9;0.1800683;False;09/03/2023 20:38:11:145;1693798691145;Box Collider1728 hit: (Untagged/prefab_statue) | Box Collider2030 hit: (Untagged/prefab_statue);
62F978C699A3CF008AE65650;GroupA;6;971;535;0.5059906;0.4960784;0.5104468;0.5024949;921.5;0.1784763;False;09/03/2023 20:38:11:211;1693798691211;;
62F978C699A3CF008AE65650;GroupA;6;971;535;0.5060197;0.4960926;0.5098751;0.5014502;924.7;0.1767763;False;09/03/2023 20:38:11:273;1693798691273;EyeTrackingList hit: (Car/Checking Box) | Box_Collider1700 hit: (Car/Checking Box) | Box_Collider1708 hit: (Car/Checking Box) | Box_Collider1718 hit: (Car/Checking Box) | Box_Collider1722 hit: (Car/Checking Box) | Box_Collider1726 hit: (Car/Checking Box) | Box_Collider1748 hit: (Car/Checking Box) | Box_Collider1766 hit: (Car/Checking Box) | Box_Collider1779 hit: (Car/Checking Box) | Box_Collider1795 hit: (Car/Checking Box) | Box_Collider1799 hit: (Car/Checking Box) | Box_Collider1808 hit: (Car/Checking Box) | Box_Collider1813 hit: (Car/Checking Box) | Box_Collider1818 hit: (Car/Checking Box) | Box_Collider1825 hit: (Car/Checking Box) | Box_Collider1836 hit: (Car/Checking Box) | Box_Collider1851 hit: (Car/Checking Box) | Box_Collider1853 hit: (Car/Checking Box) | Box_Collider1858 hit: (Car/Checking Box) | Box_Collider1873 hit: (Car/Checking Box) | Box_Collider1881 hit: (Car/Checking Box) | Box_Collider1922 hit: (Car/Checking Box) | Box_Collider1923 hit: (Car/Checking Box) | Box_Collider1929 hit: (Car/Checking Box) | Box_Collider1943 hit: (Car/Checking Box) | Box_Collider1953 hit: (Car/Checking Box) | Box_Collider1957 hit: (Car/Checking Box) | Box Collider1966 hit: (Car/Checking Box) | Box_Collider1972 hit: (Car/Checking Box) | Box_Collider1973 hit: (Car/Checking Box) | Box_Collider1975 hit: (Car/Checking Box) | Box_Collider1977 hit: (Car/Checking Box) | Box_Collider1978 hit: (Car/Checking Box) | Box_Collider2004 hit: (Car/Checking Box) | Box_Collider2020 hit: (Car/Checking Box) | Box_Collider2022 hit: (Car/Checking Box) | Box_Collider2029 hit: (Car/Checking Box) | Box_Collider2041 hit: (Car/Checking Box) | Box_Collider2046 hit: (Car/Checking Box) | Box_Collider2054 hit: (Car/Checking Box) | Box_Collider2060 hit: (Car/Checking Box) | Box_Collider2069 hit: (Car/Checking Box) | Box_Collider2075 hit: (Car/Checking Box);
62F978C699A3CF008AE65650;GroupA;6;971;535;0.5060359;0.4960968;0.5102897;0.5024822;927.6;0.1781276;False;09/03/2023 20:38:11:328;1693798691328;EyeTrackingList hit: (Car/Checking Box) | Box_Collider1700 hit: (Car/Checking Box) | Box_Collider1708 hit: (Car/Checking Box) | Box_Collider1718 hit: (Car/Checking Box) | Box_Collider1722 hit: (Car/Checking Box) | Box_Collider1726 hit: (Car/Checking Box) | Box_Collider1748 hit: (Car/Checking Box) | Box_Collider1766 hit: (Car/Checking Box) | Box_Collider1779 hit: (Car/Checking Box) | Box_Collider1795 hit: (Car/Checking Box) | Box_Collider1799 hit: (Car/Checking Box) | Box_Collider1808 hit: (Car/Checking Box) | Box_Collider1813 hit: (Car/Checking Box) | Box_Collider1818 hit: (Car/Checking Box) | Box_Collider1825 hit: (Car/Checking Box) | Box_Collider1836 hit: (Car/Checking Box) | Box_Collider1851 hit: (Car/Checking Box) | Box_Collider1853 hit: (Car/Checking Box) | Box_Collider1858 hit: (Car/Checking Box) | Box_Collider1873 hit: (Car/Checking Box) | Box_Collider1881 hit: (Car/Checking Box) | Box_Collider1922 hit: (Car/Checking Box) | Box_Collider1923 hit: (Car/Checking Box) | Box_Collider1929 hit: (Car/Checking Box) | Box_Collider1943 hit: (Car/Checking Box) | Box_Collider1953 hit: (Car/Checking Box) | Box_Collider1957 hit: (Car/Checking Box) | Box Collider1966 hit: (Car/Checking Box) | Box_Collider1972 hit: (Car/Checking Box) | Box_Collider1973 hit: (Car/Checking Box) | Box_Collider1975 hit: (Car/Checking Box) | Box_Collider1977 hit: (Car/Checking Box) | Box_Collider1978 hit: (Car/Checking Box) | Box_Collider2004 hit: (Car/Checking Box) | Box_Collider2020 hit: (Car/Checking Box) | Box_Collider2022 hit: (Car/Checking Box) | Box_Collider2029 hit: (Car/Checking Box) | Box_Collider2041 hit: (Car/Checking Box) | Box_Collider2046 hit: (Car/Checking Box) | Box_Collider2054 hit: (Car/Checking Box) | Box_Collider2060 hit: (Car/Checking Box) | Box_Collider2069 hit: (Car/Checking Box) | Box_Collider2075 hit: (Car/Checking Box);
62F978C699A3CF008AE65650;GroupA;6;971;535;0.5060772;0.4961045;0.5127605;0.5018772;923.6;0.1507183;False;09/03/2023 20:38:11:393;1693798691393;EyeTrackingList hit: (Car/Checking Box) | Box_Collider1700 hit: (Car/Checking Box) | Box_Collider1708 hit: (Car/Checking Box) | Box_Collider1718 hit: (Car/Checking Box) | Box_Collider1722 hit: (Car/Checking Box) | Box_Collider1726 hit: (Car/Checking Box) | Box_Collider1748 hit: (Car/Checking Box) | Box_Collider1766 hit: (Car/Checking Box) | Box_Collider1779 hit: (Car/Checking Box) | Box_Collider1795 hit: (Car/Checking Box) | Box_Collider1799 hit: (Car/Checking Box) | Box_Collider1808 hit: (Car/Checking Box) | Box_Collider1813 hit: (Car/Checking Box) | Box_Collider1818 hit: (Car/Checking Box) | Box_Collider1825 hit: (Car/Checking Box) | Box_Collider1836 hit: (Car/Checking Box) | Box_Collider1851 hit: (Car/Checking Box) | Box_Collider1853 hit: (Car/Checking Box) | Box_Collider1858 hit: (Car/Checking Box) | Box_Collider1873 hit: (Car/Checking Box) | Box_Collider1881 hit: (Car/Checking Box) | Box_Collider1922 hit: (Car/Checking Box) | Box_Collider1923 hit: (Car/Checking Box) | Box_Collider1929 hit: (Car/Checking Box) | Box_Collider1943 hit: (Car/Checking Box) | Box_Collider1953 hit: (Car/Checking Box) | Box_Collider1957 hit: (Car/Checking Box) | Box Collider1966 hit: (Car/Checking Box) | Box_Collider1972 hit: (Car/Checking Box) | Box_Collider1973 hit: (Car/Checking Box) | Box_Collider1975 hit: (Car/Checking Box) | Box_Collider1977 hit: (Car/Checking Box) | Box_Collider1978 hit: (Car/Checking Box) | Box_Collider2004 hit: (Car/Checking Box) | Box_Collider2020 hit: (Car/Checking Box) | Box_Collider2022 hit: (Car/Checking Box) | Box_Collider2029 hit: (Car/Checking Box) | Box_Collider2041 hit: (Car/Checking Box) | Box_Collider2046 hit: (Car/Checking Box) | Box_Collider2054 hit: (Car/Checking Box) | Box_Collider2060 hit: (Car/Checking Box) | Box_Collider2069 hit: (Car/Checking Box) | Box_Collider2075 hit: (Car/Checking Box);
62F978C699A3CF008AE65650;GroupA;6;971;535;0.5061243;0.4961097;0.5136231;0.5025059;920.0;0.1509471;False;09/03/2023 20:38:11:444;1693798691444;EyeTrackingList hit: (Car/Checking Box) | Box_Collider1700 hit: (Car/Checking Box) | Box_Collider1708 hit: (Car/Checking Box) | Box_Collider1718 hit: (Car/Checking Box) | Box_Collider1722 hit: (Car/Checking Box) | Box_Collider1726 hit: (Car/Checking Box) | Box_Collider1748 hit: (Car/Checking Box) | Box_Collider1766 hit: (Car/Checking Box) | Box_Collider1779 hit: (Car/Checking Box) | Box_Collider1795 hit: (Car/Checking Box) | Box_Collider1799 hit: (Car/Checking Box) | Box_Collider1808 hit: (Car/Checking Box) | Box_Collider1813 hit: (Car/Checking Box) | Box_Collider1818 hit: (Car/Checking Box) | Box_Collider1825 hit: (Car/Checking Box) | Box_Collider1836 hit: (Car/Checking Box) | Box_Collider1851 hit: (Car/Checking Box) | Box_Collider1853 hit: (Car/Checking Box) | Box_Collider1858 hit: (Car/Checking Box) | Box_Collider1873 hit: (Car/Checking Box) | Box_Collider1881 hit: (Car/Checking Box) | Box_Collider1922 hit: (Car/Checking Box) | Box_Collider1923 hit: (Car/Checking Box) | Box_Collider1929 hit: (Car/Checking Box) | Box_Collider1943 hit: (Car/Checking Box) | Box_Collider1953 hit: (Car/Checking Box) | Box_Collider1957 hit: (Car/Checking Box) | Box Collider1966 hit: (Car/Checking Box) | Box_Collider1972 hit: (Car/Checking Box) | Box_Collider1973 hit: (Car/Checking Box) | Box_Collider1975 hit: (Car/Checking Box) | Box_Collider1977 hit: (Car/Checking Box) | Box_Collider1978 hit: (Car/Checking Box) | Box_Collider2004 hit: (Car/Checking Box) | Box_Collider2020 hit: (Car/Checking Box) | Box_Collider2022 hit: (Car/Checking Box) | Box_Collider2029 hit: (Car/Checking Box) | Box_Collider2041 hit: (Car/Checking Box) | Box_Collider2046 hit: (Car/Checking Box) | Box_Collider2054 hit: (Car/Checking Box) | Box_Collider2060 hit: (Car/Checking Box) | Box_Collider2069 hit: (Car/Checking Box) | Box_Collider2075 hit: (Car/Checking Box);
62F978C699A3CF008AE65650;GroupA;6;971;535;0.5061373;0.4961261;0.5114347;0.5003595;916.8;0.1499436;False;09/03/2023 20:38:11:503;1693798691503;EyeTrackingList hit: (Car/Checking Box) | Box_Collider1700 hit: (Car/Checking Box) | Box_Collider1708 hit: (Car/Checking Box) | Box_Collider1718 hit: (Car/Checking Box) | Box_Collider1722 hit: (Car/Checking Box) | Box_Collider1726 hit: (Car/Checking Box) | Box_Collider1748 hit: (Car/Checking Box) | Box_Collider1766 hit: (Car/Checking Box) | Box_Collider1779 hit: (Car/Checking Box) | Box_Collider1795 hit: (Car/Checking Box) | Box_Collider1799 hit: (Car/Checking Box) | Box_Collider1808 hit: (Car/Checking Box) | Box_Collider1813 hit: (Car/Checking Box) | Box_Collider1818 hit: (Car/Checking Box) | Box_Collider1825 hit: (Car/Checking Box) | Box_Collider1836 hit: (Car/Checking Box) | Box_Collider1851 hit: (Car/Checking Box) | Box_Collider1853 hit: (Car/Checking Box) | Box_Collider1858 hit: (Car/Checking Box) | Box_Collider1873 hit: (Car/Checking Box) | Box_Collider1881 hit: (Car/Checking Box) | Box_Collider1922 hit: (Car/Checking Box) | Box_Collider1923 hit: (Car/Checking Box) | Box_Collider1929 hit: (Car/Checking Box) | Box_Collider1943 hit: (Car/Checking Box) | Box_Collider1953 hit: (Car/Checking Box) | Box_Collider1957 hit: (Car/Checking Box) | Box Collider1966 hit: (Car/Checking Box) | Box_Collider1972 hit: (Car/Checking Box) | Box_Collider1973 hit: (Car/Checking Box) | Box_Collider1975 hit: (Car/Checking Box) | Box_Collider1977 hit: (Car/Checking Box) | Box_Collider1978 hit: (Car/Checking Box) | Box_Collider2004 hit: (Car/Checking Box) | Box_Collider2020 hit: (Car/Checking Box) | Box_Collider2022 hit: (Car/Checking Box) | Box_Collider2029 hit: (Car/Checking Box) | Box_Collider2041 hit: (Car/Checking Box) | Box_Collider2046 hit: (Car/Checking Box) | Box_Collider2054 hit: (Car/Checking Box) | Box_Collider2060 hit: (Car/Checking Box) | Box_Collider2069 hit: (Car/Checking Box) | Box_Collider2075 hit: (Car/Checking Box);
62F978C699A3CF008AE65650;GroupA;6;971;535;0.5061586;0.4961295;0.5127594;0.5018763;913.9;0.1507555;False;09/03/2023 20:38:11:564;1693798691564;EyeTrackingList hit: (Car/Checking Box) | Box_Collider1700 hit: (Car/Checking Box) | Box_Collider1708 hit: (Car/Checking Box) | Box_Collider1718 hit: (Car/Checking Box) | Box_Collider1722 hit: (Car/Checking Box) | Box_Collider1726 hit: (Car/Checking Box) | Box_Collider1748 hit: (Car/Checking Box) | Box_Collider1766 hit: (Car/Checking Box) | Box_Collider1779 hit: (Car/Checking Box) | Box_Collider1795 hit: (Car/Checking Box) | Box_Collider1799 hit: (Car/Checking Box) | Box_Collider1808 hit: (Car/Checking Box) | Box_Collider1813 hit: (Car/Checking Box) | Box_Collider1818 hit: (Car/Checking Box) | Box_Collider1825 hit: (Car/Checking Box) | Box_Collider1836 hit: (Car/Checking Box) | Box_Collider1851 hit: (Car/Checking Box) | Box_Collider1853 hit: (Car/Checking Box) | Box_Collider1858 hit: (Car/Checking Box) | Box_Collider1873 hit: (Car/Checking Box) | Box_Collider1881 hit: (Car/Checking Box) | Box_Collider1922 hit: (Car/Checking Box) | Box_Collider1923 hit: (Car/Checking Box) | Box_Collider1929 hit: (Car/Checking Box) | Box_Collider1943 hit: (Car/Checking Box) | Box_Collider1953 hit: (Car/Checking Box) | Box_Collider1957 hit: (Car/Checking Box) | Box Collider1966 hit: (Car/Checking Box) | Box_Collider1972 hit: (Car/Checking Box) | Box_Collider1973 hit: (Car/Checking Box) | Box_Collider1975 hit: (Car/Checking Box) | Box_Collider1977 hit: (Car/Checking Box) | Box_Collider1978 hit: (Car/Checking Box) | Box_Collider2004 hit: (Car/Checking Box) | Box_Collider2020 hit: (Car/Checking Box) | Box_Collider2022 hit: (Car/Checking Box) | Box_Collider2029 hit: (Car/Checking Box) | Box_Collider2041 hit: (Car/Checking Box) | Box_Collider2046 hit: (Car/Checking Box) | Box_Collider2054 hit: (Car/Checking Box) | Box_Collider2060 hit: (Car/Checking Box) | Box_Collider2069 hit: (Car/Checking Box) | Box_Collider2075 hit: (Car/Checking Box);
62F978C699A3CF008AE65650;GroupA;6;971;535;0.5061722;0.4961359;0.5115251;0.5013729;910.5;0.1542811;False;09/03/2023 20:38:11:628;1693798691628;EyeTrackingList hit: (Car/Checking Box) | Box_Collider1700 hit: (Car/Checking Box) | Box_Collider1708 hit: (Car/Checking Box) | Box_Collider1718 hit: (Car/Checking Box) | Box_Collider1722 hit: (Car/Checking Box) | Box_Collider1726 hit: (Car/Checking Box) | Box_Collider1748 hit: (Car/Checking Box) | Box_Collider1766 hit: (Car/Checking Box) | Box_Collider1795 hit: (Car/Checking Box) | Box_Collider1799 hit: (Car/Checking Box) | Box_Collider1808 hit: (Car/Checking Box) | Box_Collider1813 hit: (Car/Checking Box) | Box_Collider1818 hit: (Car/Checking Box) | Box_Collider1825 hit: (Car/Checking Box) | Box_Collider1836 hit: (Car/Checking Box) | Box_Collider1851 hit: (Car/Checking Box) | Box_Collider1853 hit: (Car/Checking Box) | Box_Collider1858 hit: (Car/Checking Box) | Box_Collider1873 hit: (Car/Checking Box) | Box_Collider1881 hit: (Car/Checking Box) | Box_Collider1922 hit: (Car/Checking Box) | Box_Collider1923 hit: (Car/Checking Box) | Box_Collider1929 hit: (Car/Checking Box) | Box_Collider1943 hit: (Car/Checking Box) | Box_Collider1953 hit: (Car/Checking Box) | Box_Collider1957 hit: (Car/Checking Box) | Box Collider1966 hit: (Car/Checking Box) | Box_Collider1972 hit: (Car/Checking Box) | Box_Collider1973 hit: (Car/Checking Box) | Box_Collider1975 hit: (Car/Checking Box) | Box_Collider1977 hit: (Car/Checking Box) | Box_Collider1978 hit: (Car/Checking Box) | Box_Collider2004 hit: (Car/Checking Box) | Box_Collider2020 hit: (Car/Checking Box) | Box_Collider2022 hit: (Car/Checking Box) | Box_Collider2029 hit: (Car/Checking Box) | Box_Collider2041 hit: (Car/Checking Box) | Box_Collider2046 hit: (Car/Checking Box) | Box_Collider2054 hit: (Car/Checking Box) | Box_Collider2060 hit: (Car/Checking Box) | Box_Collider2069 hit: (Car/Checking Box) | Box_Collider2075 hit: (Car/Checking Box);
62F978C699A3CF008AE65650;GroupA;6;971;535;0.5061908;0.4961431;0.5108453;0.5010818;907.6;0.1523436;False;09/03/2023 20:38:11:686;1693798691686;EyeTrackingList hit: (Car/Checking Box) | Box_Collider1700 hit: (Car/Checking Box) | Box_Collider1708 hit: (Car/Checking Box) | Box_Collider1718 hit: (Car/Checking Box) | Box_Collider1722 hit: (Car/Checking Box) | Box_Collider1726 hit: (Car/Checking Box) | Box_Collider1748 hit: (Car/Checking Box) | Box_Collider1766 hit: (Car/Checking Box) | Box_Collider1795 hit: (Car/Checking Box) | Box_Collider1799 hit: (Car/Checking Box) | Box_Collider1808 hit: (Car/Checking Box) | Box_Collider1813 hit: (Car/Checking Box) | Box_Collider1818 hit: (Car/Checking Box) | Box_Collider1825 hit: (Car/Checking Box) | Box_Collider1836 hit: (Car/Checking Box) | Box_Collider1851 hit: (Car/Checking Box) | Box_Collider1853 hit: (Car/Checking Box) | Box_Collider1858 hit: (Car/Checking Box) | Box_Collider1873 hit: (Car/Checking Box) | Box_Collider1881 hit: (Car/Checking Box) | Box_Collider1922 hit: (Car/Checking Box) | Box_Collider1923 hit: (Car/Checking Box) | Box_Collider1929 hit: (Car/Checking Box) | Box_Collider1943 hit: (Car/Checking Box) | Box_Collider1953 hit: (Car/Checking Box) | Box_Collider1957 hit: (Car/Checking Box) | Box Collider1966 hit: (Car/Checking Box) | Box_Collider1972 hit: (Car/Checking Box) | Box_Collider1973 hit: (Car/Checking Box) | Box_Collider1975 hit: (Car/Checking Box) | Box_Collider1977 hit: (Car/Checking Box) | Box_Collider1978 hit: (Car/Checking Box) | Box_Collider2004 hit: (Car/Checking Box) | Box_Collider2020 hit: (Car/Checking Box) | Box_Collider2022 hit: (Car/Checking Box) | Box_Collider2029 hit: (Car/Checking Box) | Box_Collider2041 hit: (Car/Checking Box) | Box_Collider2046 hit: (Car/Checking Box) | Box_Collider2054 hit: (Car/Checking Box) | Box_Collider2060 hit: (Car/Checking Box) | Box_Collider2069 hit: (Car/Checking Box) | Box_Collider2075 hit: (Car/Checking Box);
62F978C699A3CF008AE65650;GroupA;6;971;535;0.5062011;0.4961487;0.5120647;0.5018234;904.9;0.1528311;False;09/03/2023 20:38:11:749;1693798691749;EyeTrackingList hit: (Car/Checking Box) | Box_Collider1700 hit: (Car/Checking Box) | Box_Collider1708 hit: (Car/Checking Box) | Box_Collider1718 hit: (Car/Checking Box) | Box_Collider1722 hit: (Car/Checking Box) | Box_Collider1726 hit: (Car/Checking Box) | Box_Collider1748 hit: (Car/Checking Box) | Box_Collider1766 hit: (Car/Checking Box) | Box_Collider1795 hit: (Car/Checking Box) | Box_Collider1799 hit: (Car/Checking Box) | Box_Collider1808 hit: (Car/Checking Box) | Box_Collider1813 hit: (Car/Checking Box) | Box_Collider1818 hit: (Car/Checking Box) | Box_Collider1825 hit: (Car/Checking Box) | Box_Collider1836 hit: (Car/Checking Box) | Box_Collider1851 hit: (Car/Checking Box) | Box_Collider1853 hit: (Car/Checking Box) | Box_Collider1858 hit: (Car/Checking Box) | Box_Collider1873 hit: (Car/Checking Box) | Box_Collider1881 hit: (Car/Checking Box) | Box_Collider1922 hit: (Car/Checking Box) | Box_Collider1923 hit: (Car/Checking Box) | Box_Collider1929 hit: (Car/Checking Box) | Box_Collider1943 hit: (Car/Checking Box) | Box_Collider1953 hit: (Car/Checking Box) | Box_Collider1957 hit: (Car/Checking Box) | Box Collider1966 hit: (Car/Checking Box) | Box_Collider1972 hit: (Car/Checking Box) | Box_Collider1973 hit: (Car/Checking Box) | Box_Collider1975 hit: (Car/Checking Box) | Box_Collider1977 hit: (Car/Checking Box) | Box_Collider1978 hit: (Car/Checking Box) | Box_Collider2004 hit: (Car/Checking Box) | Box_Collider2020 hit: (Car/Checking Box) | Box_Collider2022 hit: (Car/Checking Box) | Box_Collider2029 hit: (Car/Checking Box) | Box_Collider2041 hit: (Car/Checking Box) | Box_Collider2046 hit: (Car/Checking Box) | Box_Collider2054 hit: (Car/Checking Box) | Box_Collider2060 hit: (Car/Checking Box) | Box_Collider2069 hit: (Car/Checking Box) | Box_Collider2075 hit: (Car/Checking Box);
62F978C699A3CF008AE65650;GroupA;6;971;535;0.5062078;0.4961578;0.5065917;0.4972361;931.6;0.1927852;False;09/03/2023 20:38:11:809;1693798691809;EyeTrackingList hit: (Car/Checking Box) | Box_Collider1700 hit: (Car/Checking Box) | Box_Collider1708 hit: (Car/Checking Box) | Box_Collider1718 hit: (Car/Checking Box) | Box_Collider1722 hit: (Car/Checking Box) | Box_Collider1726 hit: (Car/Checking Box) | Box_Collider1748 hit: (Car/Checking Box) | Box_Collider1766 hit: (Car/Checking Box) | Box_Collider1795 hit: (Car/Checking Box) | Box_Collider1799 hit: (Car/Checking Box) | Box_Collider1808 hit: (Car/Checking Box) | Box_Collider1813 hit: (Car/Checking Box) | Box_Collider1818 hit: (Car/Checking Box) | Box_Collider1825 hit: (Car/Checking Box) | Box_Collider1836 hit: (Car/Checking Box) | Box_Collider1851 hit: (Car/Checking Box) | Box_Collider1853 hit: (Car/Checking Box) | Box_Collider1858 hit: (Car/Checking Box) | Box_Collider1873 hit: (Car/Checking Box) | Box_Collider1881 hit: (Car/Checking Box) | Box_Collider1922 hit: (Car/Checking Box) | Box_Collider1923 hit: (Car/Checking Box) | Box_Collider1929 hit: (Car/Checking Box) | Box_Collider1943 hit: (Car/Checking Box) | Box_Collider1953 hit: (Car/Checking Box) | Box_Collider1957 hit: (Car/Checking Box) | Box Collider1966 hit: (Car/Checking Box) | Box_Collider1972 hit: (Car/Checking Box) | Box_Collider1973 hit: (Car/Checking Box) | Box_Collider1975 hit: (Car/Checking Box) | Box_Collider1977 hit: (Car/Checking Box) | Box_Collider1978 hit: (Car/Checking Box) | Box_Collider2004 hit: (Car/Checking Box) | Box_Collider2020 hit: (Car/Checking Box) | Box_Collider2022 hit: (Car/Checking Box) | Box_Collider2029 hit: (Car/Checking Box) | Box_Collider2041 hit: (Car/Checking Box) | Box_Collider2046 hit: (Car/Checking Box) | Box_Collider2054 hit: (Car/Checking Box) | Box_Collider2060 hit: (Car/Checking Box) | Box_Collider2069 hit: (Car/Checking Box) | Box_Collider2075 hit: (Car/Checking Box);
62F978C699A3CF008AE65650;GroupA;6;971;535;0.5061781;0.4961646;0.5044377;0.4975884;955.7;0.1887673;False;09/03/2023 20:38:11:858;1693798691858;;
62F978C699A3CF008AE65650;GroupA;6;971;535;0.5061566;0.4961697;0.5044395;0.4975899;977.4;0.188691;False;09/03/2023 20:38:11:903;1693798691903;;
62F978C699A3CF008AE65650;GroupA;6;971;535;0.506142;0.4961747;0.5047814;0.4979315;996.8;0.1884464;False;09/03/2023 20:38:11:962;1693798691962;;
62F978C699A3CF008AE65650;GroupA;6;971;535;0.5061566;0.4961891;0.5086586;0.5004403;1007.1;0.1803044;False;09/03/2023 20:38:12:26;1693798692026;;
62F978C699A3CF008AE65650;GroupA;6;971;535;0.5061462;0.4961932;0.5048847;0.4984769;1016.3;0.1785512;False;09/03/2023 20:38:12:78;1693798692078;;
62F978C699A3CF008AE65650;GroupA;6;971;535;0.5061389;0.4961961;0.5048847;0.498477;1024.6;0.1785493;False;09/03/2023 20:38:12:125;1693798692125;;
62F978C699A3CF008AE65650;GroupA;6;971;535;0.5060834;0.4962123;0.5023525;0.5006221;1045.6;0.1806096;False;09/03/2023 20:38:12:191;1693798692191;;
62F978C699A3CF008AE65650;GroupA;6;971;535;0.5060731;0.4962156;0.5038317;0.4998085;1064.5;0.1811508;False;09/03/2023 20:38:12:244;1693798692244;;
62F978C699A3CF008AE65650;GroupA;6;971;535;0.5060603;0.4962282;0.5036135;0.5006765;1081.5;0.179886;False;09/03/2023 20:38:12:316;1693798692316;;
62F978C699A3CF008AE65650;GroupA;6;971;535;0.5060288;0.4962613;0.5020393;0.5026795;1089.7;0.1755996;False;09/03/2023 20:38:12:370;1693798692370;;
62F978C699A3CF008AE65650;GroupA;6;971;535;0.5060621;0.4962653;0.5082337;0.5008591;1097.2;0.1717042;False;09/03/2023 20:38:12:434;1693798692434;;
62F978C699A3CF008AE65650;GroupA;6;971;535;0.5060821;0.4962743;0.5080454;0.499323;1103.9;0.1739233;False;09/03/2023 20:38:12:494;1693798692494;;
62F978C699A3CF008AE65650;GroupA;6;971;535;0.5061061;0.4962781;0.5086728;0.5005878;1110.0;0.1733784;False;09/03/2023 20:38:12:554;1693798692554;;
62F978C699A3CF008AE65650;GroupA;6;972;536;0.5062503;0.4963365;0.5128973;0.5040929;1091.7;0.1594397;False;09/03/2023 20:38:12:617;1693798692617;;
62F978C699A3CF008AE65650;GroupA;6;972;536;0.5062801;0.4963383;0.5106168;0.5014123;1075.3;0.1580911;False;09/03/2023 20:38:12:668;1693798692668;;
62F978C699A3CF008AE65650;GroupA;6;972;536;0.5062864;0.4963467;0.5074884;0.4974268;1060.6;0.1565944;False;09/03/2023 20:38:12:728;1693798692728;;
62F978C699A3CF008AE65650;GroupA;6;972;536;0.5063762;0.496365;0.5126094;0.5018461;1044.6;0.1454315;False;09/03/2023 20:38:12:792;1693798692792;;
62F978C699A3CF008AE65650;GroupA;6;972;536;0.5064583;0.4963878;0.5134626;0.5026923;1030.2;0.1442664;False;09/03/2023 20:38:12:846;1693798692846;;
62F978C699A3CF008AE65650;GroupA;6;972;536;0.506479;0.4963894;0.5118827;0.5012649;1017.2;0.1436763;False;09/03/2023 20:38:12:897;1693798692897;;
62F978C699A3CF008AE65650;GroupA;6;972;536;0.5064924;0.4963992;0.5095469;0.4995342;1005.6;0.1431121;False;09/03/2023 20:38:12:946;1693798692946;;
62F978C699A3CF008AE65650;GroupA;6;972;536;0.5065075;0.4964088;0.5085354;0.4981916;992.8;0.139381;False;09/03/2023 20:38:13:8;1693798693008;;
62F978C699A3CF008AE65650;GroupA;6;972;536;0.506517;0.4964144;0.507877;0.4976096;981.4;0.1397856;False;09/03/2023 20:38:13:62;1693798693062;;
62F978C699A3CF008AE65650;GroupA;6;972;536;0.5065233;0.496418;0.5078304;0.4975571;971.1;0.1390943;False;09/03/2023 20:38:13:109;1693798693109;;
62F978C699A3CF008AE65650;GroupA;6;972;536;0.5064902;0.4964212;0.5041786;0.4995057;961.8;0.1380834;False;09/03/2023 20:38:13:157;1693798693157;;
62F978C699A3CF008AE65650;GroupA;6;972;536;0.5064939;0.4964248;0.5084827;0.4980138;964.0;0.1556747;False;09/03/2023 20:38:13:208;1693798693208;;
62F978C699A3CF008AE65650;GroupA;6;972;536;0.5064942;0.4964222;0.506546;0.4959214;966.0;0.1542129;False;09/03/2023 20:38:13:258;1693798693258;;
62F978C699A3CF008AE65650;GroupA;6;972;536;0.5064994;0.4964231;0.5084928;0.4980223;967.8;0.1553117;False;09/03/2023 20:38:13:309;1693798693309;;
62F978C699A3CF008AE65650;GroupA;6;972;536;0.5065011;0.4964228;0.5071571;0.4963202;969.4;0.1547623;False;09/03/2023 20:38:13:362;1693798693362;;
62F978C699A3CF008AE65650;GroupA;6;972;536;0.5065749;0.4964854;0.5114517;0.5023217;957.3;0.1702992;False;09/03/2023 20:38:13:440;1693798693440;;
62F978C699A3CF008AE65650;GroupA;6;972;536;0.5066728;0.4965489;0.5131182;0.5035457;946.4;0.1698237;False;09/03/2023 20:38:13:505;1693798693505;;
62F978C699A3CF008AE65650;GroupA;6;972;536;0.50674;0.4965929;0.5131181;0.5035456;936.6;0.1698282;False;09/03/2023 20:38:13:569;1693798693569;;
62F978C699A3CF008AE65650;GroupA;6;972;536;0.5067526;0.4966045;0.5078445;0.4985601;967.7;0.1893054;False;09/03/2023 20:38:13:634;1693798693634;;
62F978C699A3CF008AE65650;GroupA;6;972;536;0.5067565;0.4966071;0.5097434;0.5007342;995.7;0.1886772;False;09/03/2023 20:38:13:684;1693798693684;;
62F978C699A3CF008AE65650;GroupA;6;973;536;0.506776;0.4966331;0.511278;0.5027881;1021.0;0.1870273;False;09/03/2023 20:38:13:739;1693798693739;;
62F978C699A3CF008AE65650;GroupA;6;972;536;0.5067403;0.4966378;0.5047826;0.4972768;1033.2;0.1829072;False;09/03/2023 20:38:13:797;1693798693797;;
62F978C699A3CF008AE65650;GroupA;6;972;536;0.5066285;0.496642;0.5012307;0.4992365;1044.1;0.1819217;False;09/03/2023 20:38:13:843;1693798693843;;
62F978C699A3CF008AE65650;GroupA;6;972;536;0.5066699;0.4966668;0.5105536;0.502303;1054.0;0.1813135;False;09/03/2023 20:38:13:897;1693798693897;;
62F978C699A3CF008AE65650;GroupA;6;972;536;0.5066605;0.4966717;0.5054495;0.4976365;1062.9;0.1821174;False;09/03/2023 20:38:13:948;1693798693948;;
62F978C699A3CF008AE65650;GroupA;6;971;536;0.505944;0.49669;0.4917842;0.5016528;1061.8;0.2158608;False;09/03/2023 20:38:14:6;1693798694006;;
62F978C699A3CF008AE65650;GroupA;6;971;536;0.5057876;0.4967061;0.4972732;0.50193;1060.8;0.2148061;False;09/03/2023 20:38:14:58;1693798694058;;
62F978C699A3CF008AE65650;GroupA;6;970;536;0.5053946;0.4967151;0.4917873;0.5016502;1060.0;0.215763;False;09/03/2023 20:38:14:108;1693798694108;;
62F978C699A3CF008AE65650;GroupA;6;970;536;0.5053391;0.496726;0.4972776;0.5019265;1059.2;0.2146795;False;09/03/2023 20:38:14:164;1693798694164;;
62F978C699A3CF008AE65650;GroupA;6;970;536;0.5054155;0.4967353;0.5080832;0.4989169;1072.7;0.1954055;False;09/03/2023 20:38:14:218;1693798694218;;
62F978C699A3CF008AE65650;GroupA;6;970;536;0.5055882;0.4967578;0.5114022;0.5027538;1084.9;0.1933103;False;09/03/2023 20:38:14:268;1693798694268;;
62F978C699A3CF008AE65650;GroupA;6;971;536;0.5057548;0.4967808;0.5113994;0.5027514;1095.9;0.1934315;False;09/03/2023 20:38:14:340;1693798694340;;
62F978C699A3CF008AE65650;GroupA;6;970;536;0.505614;0.4968003;0.4999412;0.5028378;1097.0;0.2035267;False;09/03/2023 20:38:14:418;1693798694418;;
62F978C699A3CF008AE65650;GroupA;6;970;536;0.5055795;0.4968088;0.5013974;0.4979827;1098.1;0.2018964;False;09/03/2023 20:38:14:472;1693798694472;;
62F978C699A3CF008AE65650;GroupA;6;970;536;0.5055637;0.4967797;0.5020729;0.4944483;1099.0;0.1992958;False;09/03/2023 20:38:14:531;1693798694531;;
62F978C699A3CF008AE65650;GroupA;6;969;536;0.5049097;0.4967978;0.4897266;0.501261;1108.1;0.1971027;False;09/03/2023 20:38:14:589;1693798694589;Box Collider1728 hit: (Untagged/Checking Box) | Box Collider2030 hit: (Untagged/Checking Box);
62F978C699A3CF008AE65650;GroupA;6;969;536;0.5048853;0.4967377;0.5024971;0.492386;1116.3;0.1949486;False;09/03/2023 20:38:14:648;1693798694648;Box Collider1728 hit: (Untagged/Checking Box) | Box Collider2030 hit: (Untagged/Checking Box);
62F978C699A3CF008AE65650;GroupA;6;969;536;0.5047804;0.4967379;0.4963241;0.4968412;1123.7;0.1957827;False;09/03/2023 20:38:14:702;1693798694702;;
62F978C699A3CF008AE65650;GroupA;6;969;536;0.5047572;0.4966983;0.5024819;0.4923997;1130.3;0.1953701;False;09/03/2023 20:38:14:757;1693798694757;Box Collider1728 hit: (Untagged/prefab_statue) | Box Collider2030 hit: (Untagged/prefab_statue);
62F978C699A3CF008AE65650;GroupA;6;968;536;0.5045052;0.4970334;0.4934734;0.5097916;1118.9;0.1938349;False;09/03/2023 20:38:14:818;1693798694818;;
62F978C699A3CF008AE65650;GroupA;6;968;536;0.5043765;0.4971564;0.4938641;0.5075473;1108.6;0.1921962;False;09/03/2023 20:38:14:865;1693798694865;;
62F978C699A3CF008AE65650;GroupA;6;968;536;0.5043544;0.4970708;0.4983719;0.491942;1099.3;0.1910966;False;09/03/2023 20:38:14:917;1693798694917;;
62F978C699A3CF008AE65650;GroupA;6;968;536;0.5043471;0.4970293;0.497803;0.492971;1091.0;0.1913089;False;09/03/2023 20:38:14:965;1693798694965;;
62F978C699A3CF008AE65650;GroupA;6;968;536;0.5044538;0.4970305;0.5076548;0.4982264;1095.2;0.215868;False;09/03/2023 20:38:15:24;1693798695024;;
62F978C699A3CF008AE65650;GroupA;6;968;536;0.504576;0.4970368;0.5093207;0.4994334;1099.1;0.2169672;False;09/03/2023 20:38:15:73;1693798695073;;
62F978C699A3CF008AE65650;GroupA;6;968;536;0.5046233;0.4970374;0.5076537;0.4982255;1102.5;0.2159141;False;09/03/2023 20:38:15:124;1693798695124;;
62F978C699A3CF008AE65650;GroupA;6;968;536;0.5046468;0.4970397;0.5069206;0.4988315;1103.1;0.1886976;False;09/03/2023 20:38:15:178;1693798695178;;
62F978C699A3CF008AE65650;GroupA;6;968;536;0.5046679;0.497041;0.5072569;0.4987403;1103.7;0.1877246;False;09/03/2023 20:38:15:227;1693798695227;Box Collider1728 hit: (Untagged/OccludedTriggerEnd) | Box Collider2030 hit: (Untagged/OccludedTriggerEnd);
62F978C699A3CF008AE65650;GroupA;6;969;536;0.5046983;0.4970462;0.5081202;0.4995633;1104.2;0.1871572;False;09/03/2023 20:38:15:278;1693798695278;Box Collider1728 hit: (Untagged/OccludedTriggerEnd) | Box Collider2030 hit: (Untagged/OccludedTriggerEnd);
62F978C699A3CF008AE65650;GroupA;6;969;536;0.5047095;0.4970468;0.5072439;0.4987294;1104.6;0.1882116;False;09/03/2023 20:38:15:331;1693798695331;Box Collider1728 hit: (Untagged/OccludedTriggerEnd) | Box Collider2030 hit: (Untagged/OccludedTriggerEnd);
62F978C699A3CF008AE65650;GroupA;6;968;536;0.5045674;0.4970994;0.4986143;0.5033699;1142.6;0.1874999;False;09/03/2023 20:38:15:386;1693798695386;Box Collider1728 hit: (Untagged/OccludedTriggerEnd) | Box Collider2030 hit: (Untagged/OccludedTriggerEnd);
62F978C699A3CF008AE65650;GroupA;6;968;536;0.5044647;0.4971381;0.4986369;0.5033513;1176.8;0.1870992;False;09/03/2023 20:38:15:440;1693798695440;Box Collider1728 hit: (Untagged/OccludedTriggerEnd) | Box Collider2030 hit: (Untagged/OccludedTriggerEnd);
62F978C699A3CF008AE65650;GroupA;6;968;536;0.5043805;0.4971706;0.498625;0.5033611;1207.6;0.1873102;False;09/03/2023 20:38:15:502;1693798695502;Box Collider1728 hit: (Untagged/OccludedTriggerEnd) | Box Collider2030 hit: (Untagged/OccludedTriggerEnd);
62F978C699A3CF008AE65650;GroupA;6;968;536;0.5043619;0.4971744;0.5002279;0.5018255;1235.3;0.1876452;False;09/03/2023 20:38:15:553;1693798695553;Box Collider1728 hit: (Untagged/OccludedTriggerEnd) | Box Collider2030 hit: (Untagged/OccludedTriggerEnd);
62F978C699A3CF008AE65650;GroupA;6;968;536;0.5043539;0.4971815;0.5029141;0.5006891;1230.6;0.1940896;False;09/03/2023 20:38:15:611;1693798695611;Box Collider1728 hit: (Untagged/OccludedTriggerEnd) | Box Collider2030 hit: (Untagged/OccludedTriggerEnd);
62F978C699A3CF008AE65650;GroupA;6;968;536;0.5043496;0.4971866;0.5014061;0.5017578;1226.4;0.193168;False;09/03/2023 20:38:15:669;1693798695669;Box Collider1728 hit: (Untagged/OccludedTriggerEnd) | Box Collider2030 hit: (Untagged/OccludedTriggerEnd);
62F978C699A3CF008AE65650;GroupA;6;968;536;0.5043465;0.4971895;0.501985;0.5016447;1222.6;0.193789;False;09/03/2023 20:38:15:723;1693798695723;Box Collider1728 hit: (Untagged/OccludedTriggerEnd) | Box Collider2030 hit: (Untagged/OccludedTriggerEnd);
62F978C699A3CF008AE65650;GroupA;6;968;536;0.504266;0.4971766;0.498247;0.4960794;1214.3;0.2216428;False;09/03/2023 20:38:15:794;1693798695794;Box Collider1728 hit: (Untagged/OccludedTriggerEnd) | Box Collider2030 hit: (Untagged/OccludedTriggerEnd);
62F978C699A3CF008AE65650;GroupA;6;968;536;0.5042565;0.4970807;0.5023926;0.4905437;1206.8;0.2186688;False;09/03/2023 20:38:15:841;1693798695841;Box Collider1728 hit: (Untagged/OccludedTriggerEnd) | Box Collider2030 hit: (Untagged/OccludedTriggerEnd);
62F978C699A3CF008AE65650;GroupA;6;967;536;0.5041123;0.4970948;0.4951682;0.5003675;1200.0;0.2168486;False;09/03/2023 20:38:15:887;1693798695887;Box Collider1728 hit: (Untagged/OccludedTriggerEnd) | Box Collider2030 hit: (Untagged/OccludedTriggerEnd);
62F978C699A3CF008AE65650;GroupA;6;967;536;0.5039842;0.4971076;0.4951631;0.5003717;1193.9;0.216994;False;09/03/2023 20:38:15:941;1693798695941;Box Collider1728 hit: (Untagged/OccludedTriggerEnd) | Box Collider2030 hit: (Untagged/OccludedTriggerEnd);
62F978C699A3CF008AE65650;GroupA;6;967;536;0.5039617;0.497109;0.5005546;0.498481;1180.6;0.2094394;False;09/03/2023 20:38:15:997;1693798695997;Box Collider1728 hit: (Untagged/OccludedTriggerEnd) | Box Collider2030 hit: (Untagged/OccludedTriggerEnd);
62F978C699A3CF008AE65650;GroupA;6;967;536;0.5039514;0.497106;0.4998646;0.496384;1168.5;0.2077406;False;09/03/2023 20:38:16:46;1693798696046;Box Collider1728 hit: (Untagged/OccludedTriggerEnd) | Box Collider2030 hit: (Untagged/OccludedTriggerEnd);
62F978C699A3CF008AE65650;GroupA;6;967;536;0.5039392;0.4971067;0.4986115;0.4977334;1157.7;0.2069161;False;09/03/2023 20:38:16:99;1693798696099;Box Collider1728 hit: (Untagged/OccludedTriggerEnd) | Box Collider2030 hit: (Untagged/OccludedTriggerEnd);
62F978C699A3CF008AE65650;GroupA;6;967;536;0.5039219;0.4971042;0.5011663;0.4963159;1148.0;0.2084551;False;09/03/2023 20:38:16:149;1693798696149;Box Collider1728 hit: (Untagged/OccludedTriggerEnd) | Box Collider2030 hit: (Untagged/OccludedTriggerEnd);
62F978C699A3CF008AE65650;GroupA;6;967;536;0.5039539;0.4971034;0.5055881;0.4967276;1122.7;0.175785;False;09/03/2023 20:38:16:207;1693798696207;Box Collider1728 hit: (Untagged/OccludedTriggerEnd) | Box Collider2030 hit: (Untagged/OccludedTriggerEnd);
62F978C699A3CF008AE65650;GroupA;6;967;536;0.5040101;0.4971035;0.5071754;0.4974346;1099.9;0.1754644;False;09/03/2023 20:38:16:258;1693798696258;Box Collider1728 hit: (Untagged/OccludedTriggerEnd) | Box Collider2030 hit: (Untagged/OccludedTriggerEnd);
62F978C699A3CF008AE65650;GroupA;6;967;536;0.5040589;0.4971034;0.5071591;0.4969864;1079.5;0.1752496;False;09/03/2023 20:38:16:320;1693798696320;Box Collider1728 hit: (Untagged/OccludedTriggerEnd) | Box Collider2030 hit: (Untagged/OccludedTriggerEnd);
62F978C699A3CF008AE65650;GroupA;6;967;536;0.5039948;0.4971232;0.4998646;0.5001791;1058.1;0.1683492;False;09/03/2023 20:38:16:391;1693798696391;Box Collider1728 hit: (Untagged/OccludedTriggerEnd) | Box Collider2030 hit: (Untagged/OccludedTriggerEnd);
62F978C699A3CF008AE65650;GroupA;6;967;536;0.5040001;0.4971233;0.5048114;0.4971777;1038.9;0.1667383;False;09/03/2023 20:38:16:443;1693798696443;Box Collider1728 hit: (Untagged/OccludedTriggerEnd) | Box Collider2030 hit: (Untagged/OccludedTriggerEnd);
62F978C699A3CF008AE65650;GroupA;6;967;536;0.5040163;0.4971233;0.5059164;0.4971097;1021.7;0.1654451;False;09/03/2023 20:38:16:494;1693798696494;Box Collider1728 hit: (Untagged/OccludedTriggerEnd) | Box Collider2030 hit: (Untagged/OccludedTriggerEnd);
62F978C699A3CF008AE65650;GroupA;6;967;536;0.5040159;0.4971248;0.5036567;0.4982297;1006.1;0.1659832;False;09/03/2023 20:38:16:558;1693798696558;Box Collider1728 hit: (Untagged/OccludedTriggerEnd) | Box Collider2030 hit: (Untagged/OccludedTriggerEnd);
62F978C699A3CF008AE65650;GroupA;6;967;536;0.5040298;0.4971254;0.5058216;0.4979767;1035.8;0.2060856;False;09/03/2023 20:38:16:626;1693798696626;Box Collider1728 hit: (Untagged/OccludedTriggerEnd) | Box Collider2030 hit: (Untagged/OccludedTriggerEnd);
62F978C699A3CF008AE65650;GroupA;6;967;536;0.5040302;0.4971068;0.5045515;0.4942524;1062.5;0.2044024;False;09/03/2023 20:38:16:678;1693798696678;Box Collider1728 hit: (Untagged/OccludedTriggerEnd) | Box Collider2030 hit: (Untagged/OccludedTriggerEnd);
62F978C699A3CF008AE65650;GroupA;6;967;536;0.5040177;0.4971289;0.5022061;0.5006336;1086.5;0.2028282;False;09/03/2023 20:38:16:730;1693798696730;Box Collider1728 hit: (Untagged/OccludedTriggerEnd) | Box Collider2030 hit: (Untagged/OccludedTriggerEnd);
62F978C699A3CF008AE65650;GroupA;6;967;536;0.5040616;0.4971372;0.507495;0.4994831;1068.8;0.1801965;False;09/03/2023 20:38:16:793;1693798696793;Box Collider1728 hit: (Untagged/OccludedTriggerEnd) | Box Collider2030 hit: (Untagged/OccludedTriggerEnd);
62F978C699A3CF008AE65650;GroupA;6;967;536;0.5041025;0.4971447;0.5081431;0.4998013;1052.9;0.180673;False;09/03/2023 20:38:16:847;1693798696847;Box Collider1728 hit: (Untagged/OccludedTriggerEnd) | Box Collider2030 hit: (Untagged/OccludedTriggerEnd);
62F978C699A3CF008AE65650;GroupA;6;967;536;0.5041078;0.4971458;0.5064289;0.4982993;1038.6;0.1790811;False;09/03/2023 20:38:16:898;1693798696898;Box Collider1728 hit: (Untagged/OccludedTriggerEnd) | Box Collider2030 hit: (Untagged/OccludedTriggerEnd);
62F978C699A3CF008AE65650;GroupA;6;967;536;0.5041086;0.497146;0.505949;0.4972103;1025.7;0.178692;False;09/03/2023 20:38:16:946;1693798696946;Box Collider1728 hit: (Untagged/OccludedTriggerEnd) | Box Collider2030 hit: (Untagged/OccludedTriggerEnd);
62F978C699A3CF008AE65650;GroupA;6;968;536;0.5041766;0.4971597;0.5097634;0.500475;1030.5;0.1904613;False;09/03/2023 20:38:17:0;1693798697000;Box Collider1728 hit: (Untagged/OccludedTriggerEnd) | Box Collider2030 hit: (Untagged/OccludedTriggerEnd);
62F978C699A3CF008AE65650;GroupA;6;968;536;0.5042803;0.4971885;0.511632;0.5021769;1034.7;0.1900266;False;09/03/2023 20:38:17:50;1693798697050;Box Collider1728 hit: (Untagged/OccludedTriggerEnd) | Box Collider2030 hit: (Untagged/OccludedTriggerEnd);
62F978C699A3CF008AE65650;GroupA;6;968;536;0.5043595;0.4972109;0.5116401;0.5021837;1038.5;0.1897292;False;09/03/2023 20:38:17:101;1693798697101;Box Collider1728 hit: (Untagged/OccludedTriggerEnd) | Box Collider2030 hit: (Untagged/OccludedTriggerEnd);
62F978C699A3CF008AE65650;GroupA;6;968;536;0.5043739;0.4972129;0.5097618;0.5004737;1042.0;0.1905179;False;09/03/2023 20:38:17:149;1693798697149;;
62F978C699A3CF008AE65650;GroupA;6;968;536;0.5043614;0.4972124;0.503634;0.4971222;1044.7;0.1752273;False;09/03/2023 20:38:17:204;1693798697204;;
62F978C699A3CF008AE65650;GroupA;6;968;536;0.5043668;0.4972146;0.5070085;0.4985632;1047.1;0.1742834;False;09/03/2023 20:38:17:248;1693798697248;;
62F978C699A3CF008AE65650;GroupA;6;968;537;0.5042554;0.497224;0.4994629;0.5007729;1049.3;0.1733767;False;09/03/2023 20:38:17:297;1693798697297;;
62F978C699A3CF008AE65650;GroupA;6;968;537;0.504257;0.4972232;0.5051251;0.4970589;1051.3;0.1747629;False;09/03/2023 20:38:17:350;1693798697350;;
62F978C699A3CF008AE65650;GroupA;6;968;537;0.5043601;0.4972432;0.5105289;0.5014032;1052.8;0.1661129;False;09/03/2023 20:38:17:409;1693798697409;;
62F978C699A3CF008AE65650;GroupA;6;968;537;0.5043655;0.4972444;0.5073936;0.4997521;1054.1;0.1650404;False;09/03/2023 20:38:17:457;1693798697457;;
62F978C699A3CF008AE65650;GroupA;6;968;537;0.5043681;0.4972455;0.5072196;0.4997461;1055.3;0.164321;False;09/03/2023 20:38:17:505;1693798697505;;
62F978C699A3CF008AE65650;GroupA;6;968;537;0.5043706;0.4972466;0.5072149;0.4997423;1056.3;0.1644977;False;09/03/2023 20:38:17:564;1693798697564;;
62F978C699A3CF008AE65650;GroupA;6;968;537;0.5043748;0.4972506;0.5073235;0.4987354;1074.4;0.1704329;False;09/03/2023 20:38:17:643;1693798697643;;
62F978C699A3CF008AE65650;GroupA;6;968;537;0.504497;0.4972686;0.5116648;0.5013137;1090.7;0.171754;False;09/03/2023 20:38:17:713;1693798697713;;
62F978C699A3CF008AE65650;GroupA;6;968;537;0.50451;0.4972728;0.5073206;0.498733;1105.3;0.1705446;False;09/03/2023 20:38:17:776;1693798697776;;
62F978C699A3CF008AE65650;GroupA;6;968;537;0.5045153;0.4972404;0.5049504;0.4943448;1111.6;0.2046158;False;09/03/2023 20:38:17:845;1693798697845;;
62F978C699A3CF008AE65650;GroupA;6;968;537;0.504521;0.4972408;0.5062345;0.4975185;1117.2;0.1999967;False;09/03/2023 20:38:17:896;1693798697896;;
62F978C699A3CF008AE65650;GroupA;6;968;537;0.5045239;0.4972411;0.5072179;0.497651;1122.2;0.2000852;False;09/03/2023 20:38:17:953;1693798697953;;
62F978C699A3CF008AE65650;GroupA;6;968;537;0.5043968;0.4972737;0.4992664;0.501753;1115.1;0.2023302;False;09/03/2023 20:38:18:9;1693798698009;Box Collider1728 hit: (Untagged/Checking Box) | Box Collider2030 hit: (Untagged/Checking Box);
62F978C699A3CF008AE65650;GroupA;6;967;537;0.504012;0.4974546;0.493493;0.508192;1108.6;0.2004589;False;09/03/2023 20:38:18:65;1693798698065;Box Collider1728 hit: (Untagged/Checking Box) | Box Collider2030 hit: (Untagged/Checking Box);
62F978C699A3CF008AE65650;GroupA;6;967;537;0.5039343;0.497479;0.4976991;0.5036089;1102.8;0.2014287;False;09/03/2023 20:38:18:114;1693798698114;;
62F978C699A3CF008AE65650;GroupA;6;966;537;0.5035602;0.4976583;0.4909602;0.5102772;1097.6;0.2000061;False;09/03/2023 20:38:18:164;1693798698164;;
62F978C699A3CF008AE65650;GroupA;6;967;537;0.5040584;0.4976672;0.5143021;0.5044387;1093.9;0.149768;False;09/03/2023 20:38:18:218;1693798698218;;
62F978C699A3CF008AE65650;GroupA;6;968;537;0.5043398;0.4976747;0.5131646;0.5034356;1090.6;0.1494807;False;09/03/2023 20:38:18:271;1693798698271;;
62F978C699A3CF008AE65650;GroupA;6;968;537;0.5045413;0.4976846;0.5130441;0.5029547;1087.7;0.1489289;False;09/03/2023 20:38:18:323;1693798698323;;
62F978C699A3CF008AE65650;GroupA;6;968;537;0.5045339;0.4977002;0.503889;0.4996014;1105.0;0.1785375;False;09/03/2023 20:38:18:386;1693798698386;;
62F978C699A3CF008AE65650;GroupA;6;968;537;0.5045406;0.4976999;0.5070087;0.4976609;1120.7;0.1786601;False;09/03/2023 20:38:18:439;1693798698439;;
62F978C699A3CF008AE65650;GroupA;6;968;537;0.5045215;0.4977042;0.5026872;0.5004481;1134.7;0.1778369;False;09/03/2023 20:38:18:486;1693798698486;;
62F978C699A3CF008AE65650;GroupA;6;968;537;0.5045228;0.4977051;0.5058188;0.4978737;1147.4;0.1762902;False;09/03/2023 20:38:18:534;1693798698534;;
62F978C699A3CF008AE65650;GroupA;6;968;537;0.5045238;0.497669;0.5053136;0.4941807;1123.1;0.181179;False;09/03/2023 20:38:18:584;1693798698584;;
62F978C699A3CF008AE65650;GroupA;6;968;537;0.5044826;0.4976877;0.5009837;0.5018536;1101.3;0.1778375;False;09/03/2023 20:38:18:627;1693798698627;;
62F978C699A3CF008AE65650;GroupA;6;968;537;0.5044802;0.4976891;0.5036866;0.4997173;1081.7;0.1786685;False;09/03/2023 20:38:18:677;1693798698677;;
62F978C699A3CF008AE65650;GroupA;6;968;537;0.5044891;0.4976669;0.5060093;0.4950956;1064.0;0.1796121;False;09/03/2023 20:38:18:737;1693798698737;;
62F978C699A3CF008AE65650;GroupA;6;968;537;0.5044906;0.4976689;0.5052829;0.498961;1061.2;0.2045656;False;09/03/2023 20:38:18:797;1693798698797;;
62F978C699A3CF008AE65650;GroupA;6;968;537;0.5045683;0.4976918;0.510218;0.5019954;1058.6;0.2007789;False;09/03/2023 20:38:18:840;1693798698840;;
62F978C699A3CF008AE65650;GroupA;6;968;537;0.5045699;0.4976921;0.505469;0.4978466;1056.3;0.1997522;False;09/03/2023 20:38:18:882;1693798698882;;
62F978C699A3CF008AE65650;GroupA;6;968;537;0.5045713;0.4976924;0.5054751;0.4978517;1054.3;0.1994767;False;09/03/2023 20:38:18:926;1693798698926;;
62F978C699A3CF008AE65650;GroupA;6;968;537;0.5046633;0.4977256;0.5108043;0.5026056;1045.8;0.1881111;False;09/03/2023 20:38:18:977;1693798698977;;
62F978C699A3CF008AE65650;GroupA;6;969;537;0.5047254;0.4977483;0.5108038;0.5026052;1038.2;0.1881343;False;09/03/2023 20:38:19:22;1693798699022;;
62F978C699A3CF008AE65650;GroupA;6;969;537;0.5048283;0.4977814;0.5126176;0.5037413;1031.3;0.1871656;False;09/03/2023 20:38:19:69;1693798699069;;
62F978C699A3CF008AE65650;GroupA;6;969;537;0.5048774;0.4978019;0.5114043;0.5031874;1025.2;0.1878862;False;09/03/2023 20:38:19:120;1693798699120;;
62F978C699A3CF008AE65650;GroupA;6;968;537;0.5042506;0.497806;0.4918472;0.4986116;1008.1;0.2010477;False;09/03/2023 20:38:19:169;1693798699169;;
62F978C699A3CF008AE65650;GroupA;6;967;537;0.5039244;0.497805;0.4937222;0.4976251;992.7;0.1992033;False;09/03/2023 20:38:19:216;1693798699216;;
62F978C699A3CF008AE65650;GroupA;6;967;537;0.5036846;0.4978043;0.4937218;0.4976254;978.9;0.1992178;False;09/03/2023 20:38:19:260;1693798699260;;
62F978C699A3CF008AE65650;GroupA;6;967;537;0.5037023;0.4977792;0.5052349;0.4944736;966.5;0.1988436;False;09/03/2023 20:38:19:302;1693798699302;;
62F978C699A3CF008AE65650;GroupA;6;967;537;0.503718;0.4977567;0.5052364;0.4944749;955.3;0.1987669;False;09/03/2023 20:38:19:352;1693798699352;;
62F978C699A3CF008AE65650;GroupA;6;967;537;0.5037106;0.497779;0.5015911;0.5010689;951.3;0.1733299;False;09/03/2023 20:38:19:410;1693798699410;;
62F978C699A3CF008AE65650;GroupA;6;967;537;0.5037094;0.4977793;0.5033286;0.4984561;947.7;0.1732123;False;09/03/2023 20:38:19:460;1693798699460;;
62F978C699A3CF008AE65650;GroupA;6;967;537;0.5036476;0.4977801;0.4982405;0.4988594;944.5;0.1722004;False;09/03/2023 20:38:19:503;1693798699503;;
62F978C699A3CF008AE65650;GroupA;6;966;537;0.5035073;0.4977897;0.4953951;0.5006011;941.5;0.1713846;False;09/03/2023 20:38:19:550;1693798699550;;
62F978C699A3CF008AE65650;GroupA;6;966;537;0.5034813;0.4977905;0.4986996;0.4981367;940.6;0.1852838;False;09/03/2023 20:38:19:610;1693798699610;;
62F978C699A3CF008AE65650;GroupA;6;966;537;0.5034719;0.4977915;0.4991879;0.4990513;939.8;0.1864033;False;09/03/2023 20:38:19:666;1693798699666;;
62F978C699A3CF008AE65650;GroupA;6;966;537;0.5034574;0.497792;0.4986863;0.4981478;939.0;0.1856994;False;09/03/2023 20:38:19:716;1693798699716;;
62F978C699A3CF008AE65650;GroupA;6;966;537;0.5033211;0.4977946;0.4944674;0.4994172;938.4;0.184479;False;09/03/2023 20:38:19:769;1693798699769;;
62F978C699A3CF008AE65650;GroupA;6;966;537;0.5033082;0.4978065;0.5023901;0.5008261;930.8;0.2103281;False;09/03/2023 20:38:19:828;1693798699828;;
62F978C699A3CF008AE65650;GroupA;6;966;537;0.5032979;0.4978168;0.5018893;0.5012082;924.0;0.2087182;False;09/03/2023 20:38:19:874;1693798699874;;
62F978C699A3CF008AE65650;GroupA;6;966;537;0.5031353;0.4978535;0.4936401;0.5037227;917.9;0.2071076;False;09/03/2023 20:38:19:920;1693798699920;;
62F978C699A3CF008AE65650;GroupA;6;966;537;0.5031534;0.4978556;0.5041763;0.498336;909.1;0.2094114;False;09/03/2023 20:38:19:973;1693798699973;;
62F978C699A3CF008AE65650;GroupA;6;966;537;0.5031508;0.4978562;0.5028358;0.4980353;901.2;0.2092655;False;09/03/2023 20:38:20:19;1693798700019;;
62F978C699A3CF008AE65650;GroupA;6;966;537;0.5031488;0.4978566;0.5028523;0.4980221;894.1;0.2087351;False;09/03/2023 20:38:20:68;1693798700068;;
62F978C699A3CF008AE65650;GroupA;6;966;537;0.5031472;0.497857;0.5028517;0.4980225;887.7;0.2087534;False;09/03/2023 20:38:20:119;1693798700119;;
62F978C699A3CF008AE65650;GroupA;6;965;537;0.5028227;0.4978764;0.4922705;0.5015839;886.5;0.1953136;False;09/03/2023 20:38:20:179;1693798700179;;
62F978C699A3CF008AE65650;GroupA;6;964;537;0.5022122;0.497959;0.485952;0.5059317;885.5;0.1944413;False;09/03/2023 20:38:20:228;1693798700228;;
62F978C699A3CF008AE65650;GroupA;6;963;537;0.5017965;0.498084;0.4866315;0.5083669;884.6;0.1934756;False;09/03/2023 20:38:20:279;1693798700279;;
62F978C699A3CF008AE65650;GroupA;6;962;537;0.5015135;0.4981428;0.4875278;0.5065435;883.7;0.1940871;False;09/03/2023 20:38:20:337;1693798700337;;
62F978C699A3CF008AE65650;GroupA;6;962;538;0.5014607;0.4981607;0.4995765;0.5008689;878.1;0.1911149;False;09/03/2023 20:38:20:406;1693798700406;;
62F978C699A3CF008AE65650;GroupA;6;962;538;0.5014551;0.4981722;0.4945034;0.504034;873.0;0.1902726;False;09/03/2023 20:38:20:453;1693798700453;;
62F978C699A3CF008AE65650;GroupA;6;962;538;0.501418;0.4981815;0.4927581;0.5041246;868.4;0.1885694;False;09/03/2023 20:38:20:495;1693798700495;;
62F978C699A3CF008AE65650;GroupA;6;962;538;0.501393;0.4981917;0.4955073;0.5043076;864.2;0.1873076;False;09/03/2023 20:38:20:541;1693798700541;;
62F978C699A3CF008AE65650;GroupA;6;962;538;0.5011982;0.4982608;0.4893444;0.5075358;864.0;0.1874456;False;09/03/2023 20:38:20:599;1693798700599;;
62F978C699A3CF008AE65650;GroupA;6;962;538;0.5011569;0.4982814;0.4959456;0.5062108;863.8;0.1876052;False;09/03/2023 20:38:20:643;1693798700643;;
62F978C699A3CF008AE65650;GroupA;6;961;538;0.5009245;0.498339;0.4872729;0.5086057;863.6;0.1863015;False;09/03/2023 20:38:20:686;1693798700686;;
62F978C699A3CF008AE65650;GroupA;6;961;538;0.5008071;0.498373;0.489361;0.5075203;863.4;0.1869434;False;09/03/2023 20:38:20:749;1693798700749;;
62F978C699A3CF008AE65650;GroupA;6;961;538;0.5008359;0.4983987;0.5016824;0.5008841;864.1;0.1853545;False;09/03/2023 20:38:20:809;1693798700809;;
62F978C699A3CF008AE65650;GroupA;6;961;538;0.5008216;0.4984083;0.4936531;0.5054507;864.7;0.1831168;False;09/03/2023 20:38:20:858;1693798700858;;
62F978C699A3CF008AE65650;GroupA;6;961;538;0.5008109;0.4984156;0.4936562;0.5054479;865.3;0.1830237;False;09/03/2023 20:38:20:904;1693798700904;;
62F978C699A3CF008AE65650;GroupA;6;960;538;0.5005068;0.4984418;0.4865052;0.5068213;865.8;0.1821322;False;09/03/2023 20:38:20:953;1693798700953;;
62F978C699A3CF008AE65650;GroupA;6;960;538;0.5004677;0.4984602;0.4983076;0.5007053;864.7;0.1936813;False;09/03/2023 20:38:21:4;1693798701004;;
62F978C699A3CF008AE65650;GroupA;6;960;538;0.5004411;0.4984676;0.4986376;0.5036541;863.6;0.1922309;False;09/03/2023 20:38:21:55;1693798701055;;
62F978C699A3CF008AE65650;GroupA;6;960;538;0.5004355;0.4984758;0.4951681;0.5032805;862.7;0.1927787;False;09/03/2023 20:38:21:104;1693798701104;;
62F978C699A3CF008AE65650;GroupA;6;960;538;0.500431;0.498488;0.5001251;0.5010106;861.9;0.1925957;False;09/03/2023 20:38:21:150;1693798701150;;
62F978C699A3CF008AE65650;GroupA;6;960;538;0.5004544;0.4984951;0.501723;0.4994713;861.0;0.1783156;False;09/03/2023 20:38:21:208;1693798701208;;
62F978C699A3CF008AE65650;GroupA;6;960;538;0.5004705;0.4985001;0.5017194;0.4994744;860.1;0.1784236;False;09/03/2023 20:38:21:263;1693798701263;;
62F978C699A3CF008AE65650;GroupA;6;960;538;0.5004725;0.4985044;0.5007787;0.4999507;859.4;0.1791525;False;09/03/2023 20:38:21:313;1693798701313;;
62F978C699A3CF008AE65650;GroupA;6;960;538;0.5004694;0.4985094;0.4987067;0.5018627;858.7;0.1778461;False;09/03/2023 20:38:21:367;1693798701367;;
62F978C699A3CF008AE65650;GroupA;6;960;538;0.5002162;0.498642;0.4910439;0.5083166;862.1;0.1969045;False;09/03/2023 20:38:21:429;1693798701429;;
62F978C699A3CF008AE65650;GroupA;6;960;538;0.5000697;0.4987197;0.4910407;0.5083192;865.1;0.1970041;False;09/03/2023 20:38:21:477;1693798701477;;
62F978C699A3CF008AE65650;GroupA;6;960;538;0.500057;0.4987259;0.4968462;0.5038406;867.7;0.1940334;False;09/03/2023 20:38:21:522;1693798701522;;
62F978C699A3CF008AE65650;GroupA;6;959;539;0.4995115;0.4990828;0.4848806;0.5155232;865.5;0.1921605;False;09/03/2023 20:38:21:584;1693798701584;;
62F978C699A3CF008AE65650;GroupA;6;958;539;0.498968;0.4994339;0.4817789;0.5186344;863.5;0.1935017;False;09/03/2023 20:38:21:633;1693798701633;;
62F978C699A3CF008AE65650;GroupA;6;957;539;0.4987911;0.4995461;0.4851438;0.5149975;861.7;0.191788;False;09/03/2023 20:38:21:676;1693798701676;;
62F978C699A3CF008AE65650;GroupA;6;957;539;0.4986258;0.4996521;0.4851557;0.5149875;860.1;0.1914115;False;09/03/2023 20:38:21:730;1693798701730;;
62F978C699A3CF008AE65650;GroupA;6;957;539;0.4985447;0.4997147;0.4944972;0.5078923;858.0;0.1858551;False;09/03/2023 20:38:21:785;1693798701785;;
62F978C699A3CF008AE65650;GroupA;6;957;539;0.4985184;0.499765;0.4972581;0.5052869;856.2;0.1846495;False;09/03/2023 20:38:21:831;1693798701831;;
62F978C699A3CF008AE65650;GroupA;6;957;539;0.4984975;0.4998063;0.4972842;0.5053064;854.5;0.1849457;False;09/03/2023 20:38:21:881;1693798701881;;
62F978C699A3CF008AE65650;GroupA;6;957;539;0.4984797;0.4998175;0.4945172;0.5078756;853.0;0.1852169;False;09/03/2023 20:38:21:923;1693798701923;;
62F978C699A3CF008AE65650;GroupA;6;957;539;0.498457;0.4998516;0.4961065;0.5050011;858.0;0.1817474;False;09/03/2023 20:38:21:980;1693798701980;;
62F978C699A3CF008AE65650;GroupA;6;957;539;0.4984795;0.4998676;0.4998983;0.5016329;862.6;0.1825734;False;09/03/2023 20:38:22:24;1693798702024;;
62F978C699A3CF008AE65650;GroupA;6;957;539;0.4984758;0.4998769;0.4956332;0.5053117;866.7;0.1811613;False;09/03/2023 20:38:22:67;1693798702067;;
62F978C699A3CF008AE65650;GroupA;6;957;539;0.498469;0.4998952;0.497601;0.5035436;870.3;0.181512;False;09/03/2023 20:38:22:127;1693798702127;;
62F978C699A3CF008AE65650;GroupA;6;957;539;0.4988507;0.4998792;0.5089842;0.4984778;862.9;0.1948272;False;09/03/2023 20:38:22:176;1693798702176;;
62F978C699A3CF008AE65650;GroupA;6;958;539;0.4990847;0.499845;0.508304;0.4967317;856.3;0.1930136;False;09/03/2023 20:38:22:223;1693798702223;;
62F978C699A3CF008AE65650;GroupA;6;958;539;0.4991769;0.499784;0.5060099;0.4946119;850.3;0.1929508;False;09/03/2023 20:38:22:269;1693798702269;;
62F978C699A3CF008AE65650;GroupA;6;958;539;0.4992553;0.4997321;0.506009;0.4946111;844.9;0.192992;False;09/03/2023 20:38:22:321;1693798702321;;
62F978C699A3CF008AE65650;GroupA;6;958;539;0.499266;0.4997317;0.5022964;0.4990224;842.5;0.214874;False;09/03/2023 20:38:22:389;1693798702389;;
62F978C699A3CF008AE65650;GroupA;6;958;539;0.4992742;0.4997344;0.5020401;0.5006106;840.3;0.2164246;False;09/03/2023 20:38:22:443;1693798702443;;
62F978C699A3CF008AE65650;GroupA;6;958;539;0.499303;0.4996777;0.5045767;0.4935615;838.4;0.2137023;False;09/03/2023 20:38:22:489;1693798702489;;
62F978C699A3CF008AE65650;GroupA;6;958;539;0.4993283;0.4996288;0.5045861;0.493569;836.6;0.2131848;False;09/03/2023 20:38:22:544;1693798702544;;
62F978C699A3CF008AE65650;GroupA;6;958;539;0.4994735;0.499625;0.5083678;0.4982999;831.7;0.2172161;False;09/03/2023 20:38:22:602;1693798702602;;
62F978C699A3CF008AE65650;GroupA;6;959;539;0.4996004;0.4996228;0.5094561;0.4987015;827.2;0.216234;False;09/03/2023 20:38:22:648;1693798702648;;
62F978C699A3CF008AE65650;GroupA;6;959;539;0.4997834;0.4996278;0.5112829;0.500603;823.2;0.2154825;False;09/03/2023 20:38:22:697;1693798702697;;
62F978C699A3CF008AE65650;GroupA;6;959;539;0.4999328;0.4996319;0.5112793;0.5006;819.5;0.2156482;False;09/03/2023 20:38:22:753;1693798702753;;
62F978C699A3CF008AE65650;GroupA;6;958;539;0.4994236;0.4998306;0.4902678;0.5099958;826.0;0.1819895;False;09/03/2023 20:38:22:807;1693798702807;;
62F978C699A3CF008AE65650;GroupA;6;957;540;0.4988867;0.5000873;0.4883086;0.5126163;831.8;0.180068;False;09/03/2023 20:38:22:867;1693798702867;;
62F978C699A3CF008AE65650;GroupA;6;957;540;0.4986416;0.5001827;0.4902731;0.5099912;837.0;0.1818279;False;09/03/2023 20:38:22:924;1693798702924;;
62F978C699A3CF008AE65650;GroupA;6;957;540;0.4986793;0.5001854;0.5014259;0.5004548;849.5;0.1923845;False;09/03/2023 20:38:22:977;1693798702977;;
62F978C699A3CF008AE65650;GroupA;6;957;540;0.4984526;0.500191;0.4889795;0.5037864;860.8;0.1898738;False;09/03/2023 20:38:23:20;1693798703020;;
62F978C699A3CF008AE65650;GroupA;6;956;540;0.4980422;0.5002137;0.4846534;0.5066681;871.0;0.1893345;False;09/03/2023 20:38:23:65;1693798703065;;
62F978C699A3CF008AE65650;GroupA;6;955;540;0.4976975;0.5002337;0.4846578;0.5066643;880.1;0.1892148;False;09/03/2023 20:38:23:115;1693798703115;;
62F978C699A3CF008AE65650;GroupA;6;955;540;0.4976898;0.5002678;0.4918128;0.5077443;907.6;0.2229422;False;09/03/2023 20:38:23:172;1693798703172;;
62F978C699A3CF008AE65650;GroupA;6;955;540;0.4976738;0.5003282;0.4908855;0.5097234;932.3;0.2209857;False;09/03/2023 20:38:23:222;1693798703222;;
62F978C699A3CF008AE65650;GroupA;6;955;540;0.4976501;0.500371;0.4902664;0.5098503;954.6;0.2218238;False;09/03/2023 20:38:23:265;1693798703265;;
62F978C699A3CF008AE65650;GroupA;6;955;540;0.497817;0.5003474;0.5027811;0.4987184;974.6;0.2194285;False;09/03/2023 20:38:23:315;1693798703315;;
62F978C699A3CF008AE65650;GroupA;6;955;540;0.4977293;0.5004236;0.490269;0.5098482;992.7;0.2217437;False;09/03/2023 20:38:23:369;1693798703369;;
62F978C699A3CF008AE65650;GroupA;6;956;540;0.4983726;0.5003813;0.509715;0.4978712;979.4;0.2003469;False;09/03/2023 20:38:23:431;1693798703431;;
62F978C699A3CF008AE65650;GroupA;6;957;540;0.498925;0.5003849;0.5116972;0.501012;967.5;0.1986104;False;09/03/2023 20:38:23:485;1693798703485;;
62F978C699A3CF008AE65650;GroupA;6;958;540;0.4993088;0.5003875;0.5116903;0.5010063;956.7;0.1989028;False;09/03/2023 20:38:23:537;1693798703537;;
62F978C699A3CF008AE65650;GroupA;6;958;540;0.4993298;0.5003635;0.5049443;0.4976089;946.2;0.204424;False;09/03/2023 20:38:23:587;1693798703587;;
62F978C699A3CF008AE65650;GroupA;6;959;540;0.4994933;0.5003559;0.5091826;0.4988938;936.7;0.2030312;False;09/03/2023 20:38:23:645;1693798703645;;
62F978C699A3CF008AE65650;GroupA;6;959;540;0.4995026;0.5003408;0.5049317;0.4976195;928.2;0.2047746;False;09/03/2023 20:38:23:695;1693798703695;;
62F978C699A3CF008AE65650;GroupA;6;959;540;0.4996201;0.5003384;0.509183;0.4991149;920.5;0.2035435;False;09/03/2023 20:38:23:749;1693798703749;;
62F978C699A3CF008AE65650;GroupA;6;959;540;0.4996358;0.500322;0.5068533;0.497155;910.8;0.1987209;False;09/03/2023 20:38:23:807;1693798703807;Box Collider1728 hit: (Untagged/Checking Box) | Box Collider2030 hit: (Untagged/Checking Box);
62F978C699A3CF008AE65650;GroupA;6;959;540;0.499669;0.5003144;0.5075803;0.4977415;902.0;0.1986101;False;09/03/2023 20:38:23:868;1693798703868;Box Collider1728 hit: (Untagged/Checking Box) | Box Collider2030 hit: (Untagged/Checking Box);
62F978C699A3CF008AE65650;GroupA;6;959;540;0.4997087;0.5003108;0.5081456;0.4980305;894.1;0.1984218;False;09/03/2023 20:38:23:924;1693798703924;Box Collider1728 hit: (Untagged/Checking Box) | Box Collider2030 hit: (Untagged/Checking Box);
62F978C699A3CF008AE65650;GroupA;6;959;540;0.4997478;0.5003087;0.5048702;0.4982052;888.9;0.2012974;False;09/03/2023 20:38:23:982;1693798703982;Box Collider1728 hit: (Untagged/Checking Box) | Box Collider2030 hit: (Untagged/Checking Box);
62F978C699A3CF008AE65650;GroupA;6;959;540;0.4997801;0.5003033;0.5033424;0.4974297;884.1;0.200554;False;09/03/2023 20:38:24:30;1693798704030;Box Collider1728 hit: (Untagged/Checking Box) | Box Collider2030 hit: (Untagged/Checking Box);
62F978C699A3CF008AE65650;GroupA;6;959;540;0.499797;0.5003024;0.504765;0.4982777;879.9;0.1994435;False;09/03/2023 20:38:24:83;1693798704083;Box Collider1728 hit: (Untagged/Checking Box) | Box Collider2030 hit: (Untagged/Checking Box);
62F978C699A3CF008AE65650;GroupA;6;959;540;0.4998217;0.5002974;0.503347;0.4974261;876.0;0.2004315;False;09/03/2023 20:38:24:136;1693798704136;Box Collider1728 hit: (Untagged/Checking Box) | Box Collider2030 hit: (Untagged/Checking Box);
62F978C699A3CF008AE65650;GroupA;6;959;540;0.4998094;0.5002992;0.4991647;0.5006511;878.3;0.2039206;False;09/03/2023 20:38:24:193;1693798704193;Box Collider1728 hit: (Untagged/Checking Box) | Box Collider2030 hit: (Untagged/Checking Box);
62F978C699A3CF008AE65650;GroupA;6;959;540;0.4998136;0.500298;0.5037057;0.4994458;880.4;0.2029932;False;09/03/2023 20:38:24:242;1693798704242;Box Collider1728 hit: (Untagged/FillerBuilding03_frames_geo) | Box Collider2030 hit: (Untagged/FillerBuilding03_frames_geo);
62F978C699A3CF008AE65650;GroupA;6;959;540;0.4998626;0.5002878;0.5062607;0.4970034;882.3;0.202502;False;09/03/2023 20:38:24:287;1693798704287;Box Collider1728 hit: (Untagged/FillerBuilding03_frames_geo) | Box Collider2030 hit: (Untagged/FillerBuilding03_frames_geo);
62F978C699A3CF008AE65650;GroupA;6;959;540;0.4999184;0.5002774;0.506683;0.4968953;884.0;0.2020194;False;09/03/2023 20:38:24:342;1693798704342;Box Collider1728 hit: (Untagged/FillerBuilding03_frames_geo) | Box Collider2030 hit: (Untagged/FillerBuilding03_frames_geo);
62F978C699A3CF008AE65650;GroupA;6;959;540;0.4996825;0.5003079;0.4937234;0.5031821;883.5;0.1819802;False;09/03/2023 20:38:24:408;1693798704408;Box Collider1728 hit: (Untagged/FillerBuilding03_frames_geo) | Box Collider2030 hit: (Untagged/FillerBuilding03_frames_geo);
62F978C699A3CF008AE65650;GroupA;6;959;540;0.4996465;0.5003274;0.4969603;0.5033634;883.0;0.1803575;False;09/03/2023 20:38:24:457;1693798704457;Box Collider1728 hit: (Untagged/FillerBuilding03_frames_geo) | Box Collider2030 hit: (Untagged/FillerBuilding03_frames_geo);
62F978C699A3CF008AE65650;GroupA;6;958;540;0.4992936;0.5004342;0.488894;0.5084295;882.6;0.179823;False;09/03/2023 20:38:24:508;1693798704508;Box Collider1728 hit: (Untagged/FillerBuilding03_frames_geo) | Box Collider2030 hit: (Untagged/FillerBuilding03_frames_geo);
62F978C699A3CF008AE65650;GroupA;6;958;540;0.4990171;0.5005195;0.4889009;0.5084236;882.3;0.1796223;False;09/03/2023 20:38:24:563;1693798704563;Box Collider1728 hit: (Untagged/FillerBuilding03_frames_geo) | Box Collider2030 hit: (Untagged/FillerBuilding03_frames_geo);
62F978C699A3CF008AE65650;GroupA;6;958;540;0.4990343;0.5005225;0.5000914;0.5041583;885.4;0.1746653;False;09/03/2023 20:38:24:625;1693798704625;Box Collider1728 hit: (Untagged/FillerBuilding03_frames_geo) | Box Collider2030 hit: (Untagged/FillerBuilding03_frames_geo);
62F978C699A3CF008AE65650;GroupA;6;958;540;0.4990453;0.5005247;0.5000879;0.5041613;888.2;0.1747583;False;09/03/2023 20:38:24:679;1693798704679;Box Collider1728 hit: (Untagged/Checking Box) | Box Collider2030 hit: (Untagged/Checking Box);
62F978C699A3CF008AE65650;GroupA;6;958;540;0.4990408;0.5005444;0.4969462;0.5060515;890.8;0.1740481;False;09/03/2023 20:38:24:729;1693798704729;Box Collider1728 hit: (Untagged/Checking Box) | Box Collider2030 hit: (Untagged/Checking Box);
62F978C699A3CF008AE65650;GroupA;6;958;540;0.4992675;0.5005276;0.506318;0.499045;888.8;0.1696125;False;09/03/2023 20:38:24:796;1693798704796;Box Collider1728 hit: (Untagged/Checking Box) | Box Collider2030 hit: (Untagged/Checking Box);
62F978C699A3CF008AE65650;GroupA;6;958;540;0.499419;0.5005176;0.5065321;0.4991376;887.1;0.1715046;False;09/03/2023 20:38:24:853;1693798704853;Box Collider1728 hit: (Untagged/Checking Box) | Box Collider2030 hit: (Untagged/Checking Box);
62F978C699A3CF008AE65650;GroupA;6;959;540;0.4995209;0.5005095;0.5063147;0.4990422;885.5;0.1697176;False;09/03/2023 20:38:24:912;1693798704912;Box Collider1728 hit: (Untagged/Checking Box) | Box Collider2030 hit: (Untagged/Checking Box);
62F978C699A3CF008AE65650;GroupA;6;959;540;0.4996382;0.500508;0.5076542;0.4998927;884.1;0.1708468;False;09/03/2023 20:38:24:966;1693798704966;Box Collider1728 hit: (Untagged/Checking Box) | Box Collider2030 hit: (Untagged/Checking Box);
62F978C699A3CF008AE65650;GroupA;6;959;540;0.4996411;0.5004996;0.5042722;0.4985519;880.1;0.1874303;False;09/03/2023 20:38:25:22;1693798705022;Box Collider1728 hit: (Untagged/Checking Box) | Box Collider2030 hit: (Untagged/Checking Box);
62F978C699A3CF008AE65650;GroupA;6;959;540;0.4997015;0.5004831;0.5070855;0.4971797;876.6;0.1866689;False;09/03/2023 20:38:25:69;1693798705069;Box Collider1728 hit: (Untagged/Checking Box) | Box Collider2030 hit: (Untagged/Checking Box);
62F978C699A3CF008AE65650;GroupA;6;959;540;0.4998079;0.5004629;0.5074843;0.4974331;873.4;0.1860695;False;09/03/2023 20:38:25:182;1693798705182;Box Collider1728 hit: (Untagged/Checking Box) | Box Collider2030 hit: (Untagged/Checking Box);
62F978C699A3CF008AE65650;GroupA;6;959;540;0.4998388;0.5004238;0.5046421;0.4956407;871.3;0.1967506;False;09/03/2023 20:38:25:275;1693798705275;Box Collider1728 hit: (Untagged/Checking Box) | Box Collider2030 hit: (Untagged/Checking Box);
62F978C699A3CF008AE65650;GroupA;6;959;540;0.4998572;0.500421;0.5043933;0.4979295;869.4;0.1952162;False;09/03/2023 20:38:25:338;1693798705338;Box Collider1728 hit: (Untagged/Checking Box) | Box Collider2030 hit: (Untagged/Checking Box);
62F978C699A3CF008AE65650;GroupA;6;959;540;0.4999379;0.5004197;0.5079776;0.4976317;875.2;0.1755308;False;09/03/2023 20:38:25:401;1693798705401;Box Collider1728 hit: (Untagged/FillerBuilding03_frames_geo) | Box Collider2030 hit: (Untagged/FillerBuilding03_frames_geo);
62F978C699A3CF008AE65650;GroupA;6;959;540;0.4999657;0.5004131;0.507059;0.4968339;880.5;0.1751953;False;09/03/2023 20:38:25:459;1693798705459;Box Collider1728 hit: (Untagged/Checking Box) | Box Collider2030 hit: (Untagged/Checking Box);
62F978C699A3CF008AE65650;GroupA;6;960;540;0.500012;0.5004112;0.507869;0.49758;885.2;0.1746687;False;09/03/2023 20:38:25:522;1693798705522;Box Collider1728 hit: (Untagged/Checking Box) | Box Collider2030 hit: (Untagged/Checking Box);
62F978C699A3CF008AE65650;GroupA;6;959;540;0.4995593;0.5006065;0.4912311;0.509057;887.0;0.1790723;False;09/03/2023 20:38:25:586;1693798705586;Box Collider1728 hit: (Untagged/Checking Box) | Box Collider2030 hit: (Untagged/Checking Box);
62F978C699A3CF008AE65650;GroupA;6;958;540;0.4991731;0.5007967;0.4892548;0.5113724;888.6;0.178022;False;09/03/2023 20:38:25:639;1693798705639;Box Collider1728 hit: (Untagged/Checking Box) | Box Collider2030 hit: (Untagged/Checking Box);
62F978C699A3CF008AE65650;GroupA;6;957;541;0.4987963;0.5009824;0.4878647;0.5125588;890.0;0.177643;False;09/03/2023 20:38:25:693;1693798705693;Box Collider1728 hit: (Untagged/Checking Box) | Box Collider2030 hit: (Untagged/Checking Box);
62F978C699A3CF008AE65650;GroupA;6;957;541;0.498491;0.5011358;0.4878697;0.5125547;891.3;0.177497;False;09/03/2023 20:38:25:755;1693798705755;Box Collider1728 hit: (Untagged/FillerBuilding03_frames_geo) | Box Collider2030 hit: (Untagged/FillerBuilding03_frames_geo);
62F978C699A3CF008AE65650;GroupA;6;957;541;0.4984835;0.5011428;0.4943034;0.5080165;886.1;0.1915272;False;09/03/2023 20:38:25:813;1693798705813;Box Collider1728 hit: (Untagged/FillerBuilding03_frames_geo) | Box Collider2030 hit: (Untagged/FillerBuilding03_frames_geo);
62F978C699A3CF008AE65650;GroupA;6;957;541;0.49857;0.5010515;0.5021526;0.4962792;881.5;0.190315;False;09/03/2023 20:38:25:864;1693798705864;Box Collider1728 hit: (Untagged/FillerBuilding03_frames_geo) | Box Collider2030 hit: (Untagged/FillerBuilding03_frames_geo);
62F978C699A3CF008AE65650;GroupA;6;957;540;0.4986787;0.5009197;0.503563;0.4937884;877.3;0.1892898;False;09/03/2023 20:38:25:914;1693798705914;;
62F978C699A3CF008AE65650;GroupA;6;957;540;0.4989209;0.5008825;0.5068061;0.4971855;872.5;0.1864927;False;09/03/2023 20:38:25:976;1693798705976;;
62F978C699A3CF008AE65650;GroupA;6;958;540;0.4990001;0.5008521;0.5047253;0.4967443;868.1;0.1858564;False;09/03/2023 20:38:26:30;1693798706030;;
62F978C699A3CF008AE65650;GroupA;6;958;540;0.4990607;0.5008286;0.5047282;0.496742;864.2;0.1857835;False;09/03/2023 20:38:26:85;1693798706085;;
62F978C699A3CF008AE65650;GroupA;6;958;540;0.4991759;0.5008149;0.5068069;0.4971848;860.7;0.1864708;False;09/03/2023 20:38:26:143;1693798706143;;
62F978C699A3CF008AE65650;GroupA;6;957;541;0.4985241;0.5009816;0.4876297;0.5086478;859.4;0.210602;False;09/03/2023 20:38:26:215;1693798706215;;
62F978C699A3CF008AE65650;GroupA;6;957;541;0.4985889;0.5009724;0.5029346;0.4991531;858.2;0.2090111;False;09/03/2023 20:38:26:275;1693798706275;;
62F978C699A3CF008AE65650;GroupA;6;957;541;0.4986638;0.5009539;0.5039653;0.4979002;857.1;0.208737;False;09/03/2023 20:38:26:335;1693798706335;;
62F978C699A3CF008AE65650;GroupA;6;957;541;0.4986647;0.5009656;0.4987654;0.5028186;861.4;0.1932947;False;09/03/2023 20:38:26:411;1693798706411;;
62F978C699A3CF008AE65650;GroupA;6;957;541;0.4986733;0.5009653;0.5010663;0.5007109;865.2;0.1946288;False;09/03/2023 20:38:26:480;1693798706480;;
62F978C699A3CF008AE65650;GroupA;6;957;541;0.4986737;0.500972;0.4987556;0.5028268;868.6;0.1935444;False;09/03/2023 20:38:26:533;1693798706533;;
62F978C699A3CF008AE65650;GroupA;6;957;541;0.4987303;0.500961;0.503253;0.4989876;871.9;0.1973975;False;09/03/2023 20:38:26:606;1693798706606;;
62F978C699A3CF008AE65650;GroupA;6;957;541;0.4987619;0.5009548;0.5032465;0.4989927;874.9;0.197558;False;09/03/2023 20:38:26:660;1693798706660;;
62F978C699A3CF008AE65650;GroupA;6;957;541;0.4987666;0.5009429;0.5010574;0.4980771;877.6;0.1965888;False;09/03/2023 20:38:26:715;1693798706715;;
62F978C699A3CF008AE65650;GroupA;6;958;541;0.4991505;0.5009423;0.5112982;0.500643;878.6;0.2049714;False;09/03/2023 20:38:26:772;1693798706772;;
62F978C699A3CF008AE65650;GroupA;6;959;541;0.4995956;0.500953;0.5139146;0.50288;879.4;0.2044542;False;09/03/2023 20:38:26:827;1693798706827;;
62F978C699A3CF008AE65650;GroupA;6;959;541;0.4998911;0.5009597;0.5138791;0.5027857;880.1;0.2042014;False;09/03/2023 20:38:26:877;1693798706877;;
62F978C699A3CF008AE65650;GroupA;6;960;541;0.5001276;0.5009652;0.513887;0.5027924;880.8;0.2038926;False;09/03/2023 20:38:26:930;1693798706930;;
62F978C699A3CF008AE65650;GroupA;6;960;541;0.500178;0.5009617;0.5021808;0.4999258;879.8;0.1921767;False;09/03/2023 20:38:26:990;1693798706990;;
62F978C699A3CF008AE65650;GroupA;6;960;541;0.5002092;0.500936;0.5058215;0.4971267;878.9;0.1910752;False;09/03/2023 20:38:27:39;1693798707039;;
62F978C699A3CF008AE65650;GroupA;6;960;540;0.500234;0.5009156;0.5058271;0.497122;878.1;0.190939;False;09/03/2023 20:38:27:90;1693798707090;;
62F978C699A3CF008AE65650;GroupA;6;960;540;0.500255;0.5008984;0.5058288;0.4971206;877.3;0.1908986;False;09/03/2023 20:38:27:148;1693798707148;;
62F978C699A3CF008AE65650;GroupA;6;960;540;0.5002767;0.5008529;0.5055031;0.4949858;878.6;0.1950668;False;09/03/2023 20:38:27:211;1693798707211;;
62F978C699A3CF008AE65650;GroupA;6;960;540;0.5003829;0.5008483;0.5098398;0.4989452;879.7;0.1943418;False;09/03/2023 20:38:27:265;1693798707265;;
62F978C699A3CF008AE65650;GroupA;6;960;540;0.5004233;0.5008391;0.5042549;0.4970158;880.8;0.1946371;False;09/03/2023 20:38:27:329;1693798707329;;
62F978C699A3CF008AE65650;GroupA;6;960;540;0.5004533;0.5008377;0.5042056;0.4977309;877.3;0.1881043;False;09/03/2023 20:38:27:394;1693798707394;;
62F978C699A3CF008AE65650;GroupA;6;960;540;0.500474;0.5008364;0.504206;0.4977306;874.1;0.1880951;False;09/03/2023 20:38:27:457;1693798707457;;
62F978C699A3CF008AE65650;GroupA;6;960;540;0.5004937;0.5008314;0.5037215;0.4986826;871.3;0.1887437;False;09/03/2023 20:38:27:525;1693798707525;;
62F978C699A3CF008AE65650;GroupA;6;961;540;0.500535;0.5008212;0.506689;0.4968779;869.3;0.2022421;False;09/03/2023 20:38:27:587;1693798707587;;
62F978C699A3CF008AE65650;GroupA;6;961;540;0.5006056;0.5008184;0.5082498;0.4980864;867.4;0.2013813;False;09/03/2023 20:38:27:641;1693798707641;;
62F978C699A3CF008AE65650;GroupA;6;961;540;0.5006641;0.5008158;0.5082613;0.498096;865.8;0.2008948;False;09/03/2023 20:38:27:703;1693798707703;;
62F978C699A3CF008AE65650;GroupA;6;961;540;0.500689;0.5008103;0.5075163;0.4973635;864.3;0.2026528;False;09/03/2023 20:38:27:777;1693798707777;;
62F978C699A3CF008AE65650;GroupA;6;961;540;0.5006959;0.5008036;0.5068014;0.4971248;863.3;0.2004613;False;09/03/2023 20:38:27:857;1693798707857;;
62F978C699A3CF008AE65650;GroupA;6;961;540;0.5007306;0.5008005;0.5029272;0.5003411;862.5;0.2006713;False;09/03/2023 20:38:27:932;1693798707932;;
62F978C699A3CF008AE65650;GroupA;6;961;540;0.5007524;0.5007018;0.5042653;0.493097;860.7;0.2036412;False;09/03/2023 20:38:28:16;1693798708016;;
62F978C699A3CF008AE65650;GroupA;6;961;540;0.5008134;0.5006952;0.507776;0.4975455;859.0;0.2025962;False;09/03/2023 20:38:28:74;1693798708074;;
62F978C699A3CF008AE65650;GroupA;6;961;540;0.5008454;0.5006897;0.5072736;0.4976097;857.6;0.2013704;False;09/03/2023 20:38:28:132